[1] -1 1 -1 1 -1 1 0 1 1 0 1 -1 -1 0 0 -1
[2] -1 1 -1 1 -1 1 0 1 1 0 1 -1 0 -1 -1 -1
[3] -1 1 -1 1 -1 1 0 1 1 0 1 0 0 0 -1 1
[4] -1 1 -1 1 -1 1 1 -1 -1 -1 0 -1 0 -1 -1 1
[5] -1 1 -1 1 -1 1 1 -1 -1 -1 0 -1 0 -1 0 1
[6] -1 1 -1 1 -1 1 1 -1 -1 -1 0 -1 0 0 -1 0
[7] -1 1 -1 1 -1 1 1 -1 -1 -1 0 -1 0 0 -1 1
[8] -1 1 -1 1 -1 1 1 -1 -1 -1 0 -1 1 0 -1 -1
[9] -1 1 -1 1 -1 1 1 -1 -1 -1 0 -1 1 0 -1 1
[10] -1 1 -1 1 -1 1 1 -1 -1 -1 0 -1 1 0 0 1
[11] -1 1 -1 1 -1 1 1 -1 -1 -1 0 -1 1 0 1 1
[12] -1 1 -1 1 -1 1 1 -1 -1 -1 1 1 0 -1 -1 -1
[13] -1 1 -1 1 -1 1 1 -1 -1 -1 1 1 0 -1 0 1
[14] -1 1 -1 1 -1 1 1 -1 -1 -1 1 1 0 1 1 1
[15] -1 1 -1 1 -1 1 1 -1 -1 -1 1 1 1 -1 -1 0
[16] -1 1 -1 1 -1 1 1 -1 -1 -1 1 1 1 -1 0 1
[17] -1 1 -1 1 -1 1 1 -1 -1 0 -1 -1 0 -1 -1 -1
[18] -1 1 -1 1 -1 1 1 -1 -1 0 -1 -1 0 -1 -1 0
[19] -1 1 -1 1 -1 1 1 -1 -1 0 -1 -1 0 0 -1 0
[20] -1 1 -1 1 -1 1 1 -1 -1 0 -1 -1 1 -1 -1 0
[21] -1 1 -1 1 -1 1 1 -1 -1 0 -1 -1 1 -1 0 1
[22] -1 1 -1 1 -1 1 1 -1 -1 0 -1 -1 1 0 -1 0
[23] -1 1 -1 1 -1 1 1 -1 0 -1 -1 -1 0 1 0 1
[24] -1 1 -1 1 -1 1 1 -1 0 -1 -1 -1 1 0 -1 1
[25] -1 1 -1 1 -1 1 1 -1 0 1 -1 -1 1 -1 0 1
[26] -1 1 -1 1 -1 1 1 0 -1 -1 -1 1 1 -1 0 -1
[27] -1 1 -1 1 -1 1 1 0 -1 -1 0 -1 0 -1 -1 -1
[28] -1 1 -1 1 -1 1 1 0 -1 -1 0 -1 0 -1 -1 0
[29] -1 1 -1 1 -1 1 1 0 -1 -1 0 -1 0 -1 -1 1
[30] -1 1 -1 1 -1 1 1 0 -1 -1 0 -1 0 -1 0 -1
[31] -1 1 -1 1 -1 1 1 0 -1 -1 0 -1 0 -1 0 0
[32] -1 1 -1 1 -1 1 1 0 -1 -1 0 -1 0 0 -1 -1
[33] -1 1 -1 1 -1 1 1 0 -1 -1 0 -1 0 0 -1 0
[34] -1 1 -1 1 -1 1 1 0 -1 -1 0 -1 0 0 -1 1
[35] -1 1 -1 1 -1 1 1 0 -1 -1 0 -1 0 0 0 -1
[36] -1 1 -1 1 -1 1 1 0 -1 -1 0 -1 0 0 0 0
[37] -1 1 -1 1 -1 1 1 0 -1 -1 0 -1 1 0 -1 1
[38] -1 1 -1 1 -1 1 1 0 -1 -1 0 -1 1 0 0 -1
[39] -1 1 -1 1 -1 1 1 0 -1 -1 0 -1 1 0 0 0
[40] -1 1 -1 1 -1 1 1 0 -1 -1 0 -1 1 0 0 1
[41] -1 1 -1 1 -1 1 1 0 -1 -1 0 0 0 -1 -1 0
[42] -1 1 -1 1 -1 1 1 0 -1 -1 0 0 0 -1 -1 1
[43] -1 1 -1 1 -1 1 1 0 -1 -1 0 0 0 -1 0 1
[44] -1 1 -1 1 -1 1 1 0 -1 -1 0 0 0 0 -1 0
[45] -1 1 -1 1 -1 1 1 0 -1 -1 0 0 0 0 -1 1
[46] -1 1 -1 1 -1 1 1 0 -1 -1 0 0 1 0 -1 -1
[47] -1 1 -1 1 -1 1 1 0 -1 -1 0 0 1 0 -1 0
[48] -1 1 -1 1 -1 1 1 0 -1 -1 0 0 1 0 -1 1
[49] -1 1 -1 1 -1 1 1 0 -1 -1 0 0 1 0 0 1
[50] -1 1 -1 1 -1 1 1 0 -1 -1 0 0 1 0 1 1
[51] -1 1 -1 1 -1 1 1 0 -1 -1 0 1 0 -1 0 0
[52] -1 1 -1 1 -1 1 1 0 -1 -1 0 1 0 0 0 0
[53] -1 1 -1 1 -1 1 1 0 -1 -1 0 1 1 0 -1 -1
[54] -1 1 -1 1 -1 1 1 0 -1 -1 0 1 1 0 -1 0
[55] -1 1 -1 1 -1 1 1 0 -1 -1 0 1 1 0 0 -1
[56] -1 1 -1 1 -1 1 1 0 -1 -1 1 -1 0 -1 -1 -1
[57] -1 1 -1 1 -1 1 1 0 -1 -1 1 -1 0 -1 0 -1
[58] -1 1 -1 1 -1 1 1 0 -1 -1 1 -1 0 -1 0 0
[59] -1 1 -1 1 -1 1 1 0 -1 -1 1 -1 1 -1 0 -1
[60] -1 1 -1 1 -1 1 1 0 -1 -1 1 -1 1 0 -1 -1
[61] -1 1 -1 1 -1 1 1 0 -1 -1 1 1 0 -1 -1 -1
[62] -1 1 -1 1 -1 1 1 0 -1 -1 1 1 0 -1 -1 1
[63] -1 1 -1 1 -1 1 1 0 -1 -1 1 1 1 -1 0 -1
[64] -1 1 -1 1 -1 1 1 0 -1 -1 1 1 1 -1 0 0
[65] -1 1 -1 1 -1 1 1 0 -1 -1 1 1 1 -1 0 1
[66] -1 1 -1 1 -1 1 1 0 -1 0 -1 -1 0 -1 -1 -1
[67] -1 1 -1 1 -1 1 1 0 -1 0 -1 -1 0 -1 -1 0
[68] -1 1 -1 1 -1 1 1 0 -1 0 -1 -1 0 0 0 -1
[69] -1 1 -1 1 -1 1 1 0 -1 0 -1 -1 0 0 0 0
[70] -1 1 -1 1 -1 1 1 0 -1 0 -1 -1 0 1 0 0
[71] -1 1 -1 1 -1 1 1 0 -1 0 -1 -1 1 -1 0 -1
[72] -1 1 -1 1 -1 1 1 0 -1 0 -1 -1 1 -1 0 0
[73] -1 1 -1 1 -1 1 1 0 -1 0 -1 -1 1 -1 0 1
[74] -1 1 -1 1 -1 1 1 0 -1 0 -1 -1 1 1 0 -1
[75] -1 1 -1 1 -1 1 1 0 -1 0 -1 0 0 -1 -1 0
[76] -1 1 -1 1 -1 1 1 0 -1 0 -1 0 0 -1 -1 1
[77] -1 1 -1 1 -1 1 1 0 -1 0 -1 0 0 -1 0 -1
[78] -1 1 -1 1 -1 1 1 0 -1 0 -1 0 1 -1 0 -1
[79] -1 1 -1 1 -1 1 1 0 -1 0 -1 0 1 -1 0 0
[80] -1 1 -1 1 -1 1 1 0 -1 0 -1 0 1 -1 0 1
[81] -1 1 -1 1 -1 1 1 0 -1 0 0 -1 0 -1 -1 -1
[82] -1 1 -1 1 -1 1 1 0 -1 0 0 -1 1 -1 0 -1
[83] -1 1 -1 1 -1 1 1 0 -1 0 0 -1 1 -1 0 0
[84] -1 1 -1 1 -1 1 1 0 -1 0 1 1 0 -1 -1 -1
[85] -1 1 -1 1 -1 1 1 0 -1 0 1 1 0 -1 0 1
[86] -1 1 -1 1 -1 1 1 0 -1 0 1 1 0 -1 1 1
[87] -1 1 -1 1 -1 1 1 0 -1 0 1 1 0 0 0 1
[88] -1 1 -1 1 -1 1 1 0 -1 0 1 1 1 -1 0 -1
[89] -1 1 -1 1 -1 1 1 0 -1 0 1 1 1 -1 0 0
[90] -1 1 -1 1 -1 1 1 0 -1 0 1 1 1 -1 0 1
[91] -1 1 -1 1 -1 1 1 0 0 -1 -1 -1 0 1 0 1
[92] -1 1 -1 1 -1 1 1 0 0 -1 -1 -1 1 0 0 0
[93] -1 1 -1 1 -1 1 1 0 0 -1 -1 1 0 0 -1 -1
[94] -1 1 -1 1 -1 1 1 0 0 -1 0 1 0 1 -1 -1
[95] -1 1 -1 1 -1 1 1 0 0 -1 0 1 0 1 -1 0
[96] -1 1 -1 1 -1 1 1 0 0 -1 0 1 1 0 -1 0
[97] -1 1 -1 1 -1 1 1 0 0 -1 1 1 0 0 0 0
[98] -1 1 -1 1 -1 1 1 0 0 -1 1 1 0 1 0 -1
[99] -1 1 -1 1 -1 1 1 0 0 -1 1 1 0 1 0 0
[100] -1 1 -1 1 -1 1 1 0 0 0 -1 1 0 1 -1 -1
[101] -1 1 -1 1 -1 1 1 0 0 0 -1 1 0 1 0 -1
[102] -1 1 -1 1 -1 1 1 0 0 0 -1 1 1 1 0 -1
[103] -1 1 -1 1 -1 1 1 0 0 0 0 1 0 1 -1 0
[104] -1 1 -1 1 -1 1 1 0 0 0 0 1 1 1 0 -1
[105] -1 1 -1 1 -1 1 1 0 0 1 -1 -1 1 -1 0 0
[106] -1 1 -1 1 -1 1 1 0 0 1 -1 -1 1 -1 0 1
[107] -1 1 -1 1 -1 1 1 0 0 1 -1 0 1 -1 0 1
[108] -1 1 -1 1 -1 1 1 0 1 -1 0 1 1 0 -1 0
[109] -1 1 -1 1 0 -1 -1 -1 -1 -1 0 -1 -1 -1 1 0
[110] -1 1 -1 1 0 -1 -1 -1 -1 -1 0 -1 -1 0 1 1
[111] -1 1 -1 1 0 -1 -1 -1 -1 -1 0 -1 0 -1 1 0
[112] -1 1 -1 1 0 -1 -1 -1 -1 -1 0 0 0 -1 0 1
[113] -1 1 -1 1 0 -1 -1 -1 -1 -1 0 0 0 -1 1 0
[114] -1 1 -1 1 0 -1 -1 -1 -1 -1 0 0 0 0 1 1
[115] -1 1 -1 1 0 -1 -1 -1 -1 -1 0 0 1 0 1 0
[116] -1 1 -1 1 0 -1 -1 -1 -1 -1 0 1 0 -1 0 0
[117] -1 1 -1 1 0 -1 -1 -1 -1 -1 0 1 0 -1 1 0
[118] -1 1 -1 1 0 -1 -1 -1 -1 -1 0 1 0 0 0 0
[119] -1 1 -1 1 0 -1 -1 -1 -1 -1 0 1 0 0 0 1
[120] -1 1 -1 1 0 -1 -1 -1 -1 -1 0 1 0 0 1 1
[121] -1 1 -1 1 0 -1 -1 -1 -1 -1 0 1 1 0 0 0
[122] -1 1 -1 1 0 -1 -1 -1 -1 -1 0 1 1 0 1 -1
[123] -1 1 -1 1 0 -1 -1 -1 -1 -1 1 -1 -1 0 -1 -1
[124] -1 1 -1 1 0 -1 -1 -1 -1 -1 1 -1 0 -1 1 0
[125] -1 1 -1 1 0 -1 -1 -1 -1 -1 1 -1 0 0 1 -1
[126] -1 1 -1 1 0 -1 -1 -1 -1 -1 1 -1 0 0 1 1
[127] -1 1 -1 1 0 -1 -1 -1 -1 -1 1 -1 0 1 1 0
[128] -1 1 -1 1 0 -1 -1 -1 -1 -1 1 -1 1 -1 0 1
[129] -1 1 -1 1 0 -1 -1 -1 -1 -1 1 0 -1 0 -1 -1
[130] -1 1 -1 1 0 -1 -1 -1 -1 -1 1 0 -1 0 -1 0
[131] -1 1 -1 1 0 -1 -1 -1 -1 0 -1 -1 0 1 0 -1
[132] -1 1 -1 1 0 -1 -1 -1 -1 0 1 0 0 0 0 1
[133] -1 1 -1 1 0 -1 -1 -1 -1 0 1 0 0 1 0 0
[134] -1 1 -1 1 0 -1 -1 -1 -1 0 1 0 0 1 1 0
[135] -1 1 -1 1 0 -1 -1 -1 -1 0 1 0 1 -1 0 1
[136] -1 1 -1 1 0 -1 -1 -1 -1 0 1 0 1 1 0 -1
[137] -1 1 -1 1 0 -1 -1 -1 0 -1 0 0 1 0 0 -1
[138] -1 1 -1 1 0 -1 -1 -1 0 -1 0 1 0 1 -1 0
[139] -1 1 -1 1 0 -1 -1 -1 0 -1 0 1 1 0 0 0
[140] -1 1 -1 1 0 -1 -1 -1 0 0 0 1 0 1 0 0
[141] -1 1 -1 1 0 -1 -1 -1 0 0 0 1 1 1 1 0
[142] -1 1 -1 1 0 -1 -1 -1 0 0 1 1 0 1 -1 0
[143] -1 1 -1 1 0 -1 -1 -1 0 0 1 1 1 1 0 0
[144] -1 1 -1 1 0 -1 -1 -1 0 1 -1 0 1 0 1 1
[145] -1 1 -1 1 0 -1 -1 -1 1 -1 -1 0 1 0 1 -1
[146] -1 1 -1 1 0 -1 -1 -1 1 -1 0 0 1 0 1 -1
[147] -1 1 -1 1 0 -1 -1 -1 1 -1 1 0 1 0 -1 -1
[148] -1 1 -1 1 0 -1 -1 -1 1 -1 1 0 1 1 0 -1
[149] -1 1 -1 1 0 -1 -1 -1 1 0 0 1 1 1 1 0
[150] -1 1 -1 1 0 -1 -1 -1 1 0 1 1 1 1 1 0
[151] -1 1 -1 1 0 -1 -1 0 -1 -1 0 1 0 -1 1 1
[152] -1 1 -1 1 0 -1 -1 0 -1 -1 0 1 1 0 1 1
[153] -1 1 -1 1 0 -1 -1 0 -1 -1 1 -1 0 0 1 -1
[154] -1 1 -1 1 0 -1 -1 0 -1 -1 1 -1 0 1 1 -1
[155] -1 1 -1 1 0 -1 -1 0 -1 0 -1 -1 0 0 0 -1
[156] -1 1 -1 1 0 -1 -1 0 -1 0 -1 0 0 1 1 -1
[157] -1 1 -1 1 0 -1 -1 0 -1 0 0 -1 0 1 1 -1
[158] -1 1 -1 1 0 -1 -1 0 -1 0 1 -1 0 1 0 0
[159] -1 1 -1 1 0 -1 -1 0 -1 0 1 -1 0 1 1 -1
[160] -1 1 -1 1 0 -1 -1 0 -1 0 1 1 0 1 0 1
[161] -1 1 -1 1 0 -1 -1 0 0 -1 0 1 1 0 0 -1
[162] -1 1 -1 1 0 -1 -1 1 -1 -1 0 -1 0 0 1 0
[163] -1 1 -1 1 0 -1 -1 1 -1 0 1 -1 0 1 -1 0
[164] -1 1 -1 1 0 -1 -1 1 -1 0 1 -1 0 1 0 -1
[165] -1 1 -1 1 0 -1 -1 1 0 0 -1 -1 1 1 1 0
[166] -1 1 -1 1 0 -1 -1 1 0 0 -1 0 0 0 0 1
[167] -1 1 -1 1 0 -1 -1 1 0 0 -1 0 0 1 0 1
[168] -1 1 -1 1 0 -1 -1 1 0 0 -1 0 1 0 1 1
[169] -1 1 -1 1 0 -1 -1 1 0 1 -1 0 1 0 1 1
[170] -1 1 -1 1 0 -1 -1 1 0 1 0 1 1 0 -1 -1
[171] -1 1 -1 1 0 -1 -1 1 1 0 -1 -1 1 0 0 0
[172] -1 1 -1 1 0 -1 -1 1 1 0 -1 -1 1 0 1 0
[173] -1 1 -1 1 0 -1 -1 1 1 0 -1 -1 1 1 1 0
[174] -1 1 -1 1 0 -1 0 -1 -1 -1 0 0 -1 0 -1 -1
[175] -1 1 -1 1 0 -1 0 -1 -1 -1 0 0 0 -1 1 1
[176] -1 1 -1 1 0 -1 0 -1 -1 -1 0 1 -1 0 -1 -1
[177] -1 1 -1 1 0 -1 0 -1 -1 -1 0 1 -1 0 -1 0
[178] -1 1 -1 1 0 -1 0 -1 -1 -1 0 1 -1 0 0 -1
[179] -1 1 -1 1 0 -1 0 -1 -1 -1 0 1 1 -1 -1 0
[180] -1 1 -1 1 0 -1 0 -1 -1 -1 0 1 1 -1 1 0
[181] -1 1 -1 1 0 -1 0 -1 -1 -1 1 -1 -1 0 -1 -1
[182] -1 1 -1 1 0 -1 0 -1 -1 -1 1 -1 0 0 1 1
[183] -1 1 -1 1 0 -1 0 -1 -1 -1 1 0 -1 0 -1 -1
[184] -1 1 -1 1 0 -1 0 -1 -1 -1 1 0 -1 0 -1 0
[185] -1 1 -1 1 0 -1 0 -1 -1 -1 1 0 0 -1 1 1
[186] -1 1 -1 1 0 -1 0 -1 -1 -1 1 0 0 0 1 1
[187] -1 1 -1 1 0 -1 0 -1 -1 -1 1 1 1 -1 1 0
[188] -1 1 -1 1 0 -1 0 -1 -1 0 -1 -1 1 1 -1 0
[189] -1 1 -1 1 0 -1 0 -1 -1 0 0 -1 0 1 1 -1
[190] -1 1 -1 1 0 -1 0 -1 0 -1 1 1 1 0 0 -1
[191] -1 1 -1 1 0 -1 0 -1 0 -1 1 1 1 0 0 0
[192] -1 1 -1 1 0 -1 0 0 -1 -1 0 1 0 1 1 1
[193] -1 1 -1 1 0 -1 0 0 -1 -1 1 0 -1 0 -1 -1
[194] -1 1 -1 1 0 -1 0 0 -1 0 -1 0 0 1 -1 -1
[195] -1 1 -1 1 0 -1 0 0 -1 0 -1 0 1 0 -1 -1
[196] -1 1 -1 1 0 -1 0 0 0 0 -1 -1 0 1 0 1
[197] -1 1 -1 1 0 -1 0 0 0 1 -1 -1 0 1 0 1
[198] -1 1 -1 1 0 -1 0 0 0 1 -1 -1 1 0 1 1
[199] -1 1 -1 1 0 -1 0 0 0 1 0 1 1 0 -1 -1
[200] -1 1 -1 1 0 -1 0 0 0 1 1 1 1 0 -1 -1
[201] -1 1 -1 1 0 -1 1 -1 -1 -1 0 -1 -1 -1 1 0
[202] -1 1 -1 1 0 -1 1 -1 -1 -1 0 -1 -1 -1 1 1
[203] -1 1 -1 1 0 -1 1 -1 -1 -1 0 -1 -1 0 1 -1
[204] -1 1 -1 1 0 -1 1 -1 -1 -1 0 -1 -1 0 1 1
[205] -1 1 -1 1 0 -1 1 -1 -1 -1 0 0 -1 0 0 -1
[206] -1 1 -1 1 0 -1 1 -1 -1 -1 0 1 -1 0 0 -1
[207] -1 1 -1 1 0 -1 1 -1 -1 -1 0 1 -1 0 1 -1
[208] -1 1 -1 1 0 -1 1 -1 -1 -1 1 0 -1 0 -1 -1
[209] -1 1 -1 1 0 -1 1 -1 -1 -1 1 1 1 0 1 0
[210] -1 1 -1 1 0 -1 1 -1 -1 -1 1 1 1 1 1 0
[211] -1 1 -1 1 0 -1 1 -1 -1 0 -1 -1 1 0 0 -1
[212] -1 1 -1 1 0 -1 1 -1 -1 0 -1 -1 1 1 0 0
[213] -1 1 -1 1 0 -1 1 -1 -1 0 -1 -1 1 1 1 0
[214] -1 1 -1 1 0 -1 1 -1 -1 0 1 1 1 1 0 0
[215] -1 1 -1 1 0 -1 1 -1 1 0 1 0 1 1 0 -1
[216] -1 1 -1 1 0 -1 1 -1 1 0 1 1 1 1 0 -1
[217] -1 1 -1 1 0 -1 1 -1 1 1 0 -1 1 1 1 0
[218] -1 1 -1 1 0 -1 1 0 -1 -1 0 -1 -1 0 1 1
[219] -1 1 -1 1 0 -1 1 0 -1 -1 0 0 -1 0 -1 -1
[220] -1 1 -1 1 0 -1 1 0 -1 0 -1 0 0 1 -1 -1
[221] -1 1 -1 1 0 -1 1 0 -1 0 -1 0 1 -1 0 -1
[222] -1 1 -1 1 0 -1 1 0 0 1 1 1 1 -1 0 -1
[223] -1 1 -1 1 0 -1 1 1 -1 -1 0 -1 0 0 -1 0
[224] -1 1 -1 1 0 -1 1 1 -1 -1 0 -1 0 0 0 0
[225] -1 1 -1 1 0 -1 1 1 -1 0 -1 0 0 0 -1 -1
[226] -1 1 -1 1 0 -1 1 1 -1 0 -1 0 1 -1 0 -1
[227] -1 1 -1 1 0 -1 1 1 -1 0 -1 0 1 0 0 -1
[228] -1 1 -1 1 0 -1 1 1 0 0 0 0 1 1 1 0
[229] -1 1 -1 1 0 0 -1 -1 -1 -1 0 -1 -1 -1 1 0
[230] -1 1 -1 1 0 0 -1 -1 -1 -1 1 -1 1 -1 1 0
[231] -1 1 -1 1 0 0 -1 -1 -1 -1 1 -1 1 0 1 0
[232] -1 1 -1 1 0 0 -1 0 -1 -1 0 -1 -1 -1 1 0
[233] -1 1 -1 1 0 0 -1 0 -1 -1 0 -1 -1 0 1 -1
[234] -1 1 -1 1 0 0 -1 0 -1 -1 0 -1 0 1 1 -1
[235] -1 1 -1 1 0 0 -1 0 0 0 0 1 1 1 0 -1
[236] -1 1 -1 1 0 0 -1 0 0 1 0 -1 0 1 1 1
[237] -1 1 -1 1 0 0 -1 0 1 -1 0 1 1 1 1 0
[238] -1 1 -1 1 0 0 0 -1 -1 -1 0 -1 -1 0 1 1
[239] -1 1 -1 1 0 0 0 -1 -1 -1 1 0 -1 0 -1 -1
[240] -1 1 -1 1 0 0 0 0 -1 -1 0 1 -1 0 -1 -1
[241] -1 1 -1 1 0 0 1 -1 -1 -1 0 -1 -1 -1 1 0
[242] -1 1 -1 1 0 0 1 -1 -1 -1 0 -1 -1 -1 1 1
[243] -1 1 -1 1 0 0 1 -1 -1 -1 1 0 -1 0 -1 -1
[244] -1 1 -1 1 0 0 1 0 -1 -1 0 -1 -1 0 1 1
[245] -1 1 -1 1 0 0 1 0 -1 -1 0 -1 0 1 -1 -1
[246] -1 1 -1 1 0 0 1 0 -1 -1 0 1 -1 0 1 -1
[247] -1 1 -1 1 0 1 -1 -1 -1 0 -1 0 1 -1 1 0
[248] -1 1 -1 1 0 1 -1 -1 1 -1 -1 0 1 0 0 0
[249] -1 1 -1 1 0 1 -1 -1 1 -1 0 0 1 1 1 0
[250] -1 1 -1 1 0 1 0 0 1 -1 0 1 1 0 -1 -1
[251] -1 1 -1 1 0 1 1 -1 -1 -1 1 -1 1 0 -1 -1
[252] -1 1 -1 1 0 1 1 -1 -1 -1 1 1 1 -1 0 1
[253] -1 1 -1 1 0 1 1 1 1 -1 -1 0 1 0 -1 -1
[254] -1 1 0 -1 -1 -1 -1 0 -1 -1 0 -1 0 -1 -1 1
[255] -1 1 0 -1 -1 -1 -1 0 -1 -1 0 1 0 -1 -1 -1
[256] -1 1 0 -1 -1 -1 -1 0 -1 -1 0 1 0 -1 -1 0
[257] -1 1 0 -1 -1 -1 -1 0 -1 -1 0 1 0 -1 -1 1
[258] -1 1 0 -1 -1 -1 -1 0 -1 -1 0 1 0 -1 0 -1
[259] -1 1 0 -1 -1 -1 -1 0 -1 -1 0 1 0 0 -1 1
[260] -1 1 0 -1 -1 -1 -1 0 -1 -1 0 1 1 -1 -1 -1
[261] -1 1 0 -1 -1 -1 -1 0 -1 -1 0 1 1 -1 -1 1
[262] -1 1 0 -1 -1 -1 -1 0 -1 -1 1 -1 0 -1 -1 1
[263] -1 1 0 -1 -1 -1 -1 0 -1 -1 1 -1 0 0 0 -1
[264] -1 1 0 -1 -1 -1 -1 0 -1 -1 1 -1 1 0 -1 -1
[265] -1 1 0 -1 -1 -1 -1 0 -1 -1 1 -1 1 0 -1 1
[266] -1 1 0 -1 -1 -1 -1 0 -1 -1 1 -1 1 0 0 1
[267] -1 1 0 -1 -1 -1 -1 0 -1 -1 1 -1 1 0 1 1
[268] -1 1 0 -1 -1 -1 -1 0 -1 -1 1 1 0 -1 -1 -1
[269] -1 1 0 -1 -1 -1 -1 0 -1 -1 1 1 0 -1 -1 0
[270] -1 1 0 -1 -1 -1 -1 0 -1 -1 1 1 0 -1 -1 1
[271] -1 1 0 -1 -1 -1 -1 0 -1 -1 1 1 0 -1 0 0
[272] -1 1 0 -1 -1 -1 -1 0 -1 -1 1 1 0 -1 0 1
[273] -1 1 0 -1 -1 -1 -1 0 -1 -1 1 1 0 0 -1 -1
[274] -1 1 0 -1 -1 -1 -1 0 -1 -1 1 1 0 0 -1 0
[275] -1 1 0 -1 -1 -1 -1 0 -1 -1 1 1 0 0 -1 1
[276] -1 1 0 -1 -1 -1 -1 0 -1 -1 1 1 0 0 0 -1
[277] -1 1 0 -1 -1 -1 -1 0 -1 -1 1 1 0 0 0 0
[278] -1 1 0 -1 -1 -1 -1 0 -1 -1 1 1 1 0 -1 0
[279] -1 1 0 -1 -1 -1 -1 0 -1 -1 1 1 1 0 0 0
[280] -1 1 0 -1 -1 -1 -1 0 -1 -1 1 1 1 0 0 1
[281] -1 1 0 -1 -1 -1 -1 0 -1 0 -1 1 0 -1 -1 -1
[282] -1 1 0 -1 -1 -1 -1 0 -1 0 -1 1 0 -1 0 -1
[283] -1 1 0 -1 -1 -1 -1 0 -1 0 -1 1 0 -1 0 0
[284] -1 1 0 -1 -1 -1 -1 0 -1 0 -1 1 0 0 -1 -1
[285] -1 1 0 -1 -1 -1 -1 0 -1 0 -1 1 1 -1 -1 -1
[286] -1 1 0 -1 -1 -1 -1 0 -1 0 -1 1 1 -1 -1 1
[287] -1 1 0 -1 -1 -1 -1 0 -1 0 -1 1 1 -1 1 -1
[288] -1 1 0 -1 -1 -1 -1 0 -1 0 0 1 0 -1 -1 1
[289] -1 1 0 -1 -1 -1 -1 0 -1 0 0 1 0 -1 0 0
[290] -1 1 0 -1 -1 -1 -1 0 -1 0 0 1 0 -1 0 1
[291] -1 1 0 -1 -1 -1 -1 0 -1 0 0 1 1 -1 -1 1
[292] -1 1 0 -1 -1 -1 -1 0 -1 0 0 1 1 -1 0 0
[293] -1 1 0 -1 -1 -1 -1 0 -1 0 0 1 1 -1 1 1
[294] -1 1 0 -1 -1 -1 -1 0 -1 0 0 1 1 0 -1 1
[295] -1 1 0 -1 -1 -1 -1 0 -1 0 1 -1 0 -1 -1 1
[296] -1 1 0 -1 -1 -1 -1 0 -1 0 1 -1 0 -1 1 0
[297] -1 1 0 -1 -1 -1 -1 0 -1 0 1 -1 1 -1 1 -1
[298] -1 1 0 -1 -1 -1 -1 0 -1 0 1 -1 1 -1 1 1
[299] -1 1 0 -1 -1 -1 -1 0 -1 0 1 0 0 -1 -1 1
[300] -1 1 0 -1 -1 -1 -1 0 -1 0 1 0 0 -1 0 1
[301] -1 1 0 -1 -1 -1 -1 0 -1 0 1 0 0 -1 1 1
[302] -1 1 0 -1 -1 -1 -1 0 -1 0 1 0 0 0 -1 1
[303] -1 1 0 -1 -1 -1 -1 0 -1 0 1 0 1 -1 -1 1
[304] -1 1 0 -1 -1 -1 -1 0 -1 0 1 0 1 -1 1 1
[305] -1 1 0 -1 -1 -1 -1 0 -1 0 1 0 1 0 -1 1
[306] -1 1 0 -1 -1 -1 -1 0 -1 1 1 1 0 -1 -1 -1
[307] -1 1 0 -1 -1 -1 -1 0 -1 1 1 1 0 -1 0 -1
[308] -1 1 0 -1 -1 -1 -1 0 -1 1 1 1 0 -1 0 0
[309] -1 1 0 -1 -1 -1 -1 0 -1 1 1 1 0 0 0 -1
[310] -1 1 0 -1 -1 -1 -1 0 -1 1 1 1 0 0 0 0
[311] -1 1 0 -1 -1 -1 -1 0 -1 1 1 1 1 0 0 0
[312] -1 1 0 -1 -1 -1 -1 0 -1 1 1 1 1 0 1 0
[313] -1 1 0 -1 -1 -1 -1 0 0 -1 -1 -1 0 0 1 1
[314] -1 1 0 -1 -1 -1 -1 0 0 -1 -1 -1 1 -1 1 1
[315] -1 1 0 -1 -1 -1 -1 0 0 -1 -1 -1 1 0 1 1
[316] -1 1 0 -1 -1 -1 -1 0 0 -1 -1 1 1 -1 1 -1
[317] -1 1 0 -1 -1 -1 -1 0 0 -1 -1 1 1 0 1 -1
[318] -1 1 0 -1 -1 -1 -1 0 0 -1 0 -1 0 0 -1 1
[319] -1 1 0 -1 -1 -1 -1 0 0 -1 0 0 1 0 -1 1
[320] -1 1 0 -1 -1 -1 -1 0 0 -1 0 0 1 1 -1 1
[321] -1 1 0 -1 -1 -1 -1 0 0 -1 0 1 1 -1 -1 -1
[322] -1 1 0 -1 -1 -1 -1 0 0 -1 0 1 1 0 -1 0
[323] -1 1 0 -1 -1 -1 -1 0 0 -1 0 1 1 0 -1 1
[324] -1 1 0 -1 -1 -1 -1 0 0 -1 0 1 1 0 0 -1
[325] -1 1 0 -1 -1 -1 -1 0 0 -1 0 1 1 1 -1 -1
[326] -1 1 0 -1 -1 -1 -1 0 0 -1 1 -1 1 0 1 1
[327] -1 1 0 -1 -1 -1 -1 0 0 -1 1 -1 1 1 -1 -1
[328] -1 1 0 -1 -1 -1 -1 0 0 -1 1 -1 1 1 1 1
[329] -1 1 0 -1 -1 -1 -1 0 0 -1 1 0 0 0 -1 1
[330] -1 1 0 -1 -1 -1 -1 0 0 -1 1 0 1 0 0 1
[331] -1 1 0 -1 -1 -1 -1 0 0 -1 1 0 1 1 -1 1
[332] -1 1 0 -1 -1 -1 -1 0 0 -1 1 1 0 0 -1 -1
[333] -1 1 0 -1 -1 -1 -1 0 0 -1 1 1 1 -1 -1 -1
[334] -1 1 0 -1 -1 -1 -1 0 0 -1 1 1 1 -1 -1 1
[335] -1 1 0 -1 -1 -1 -1 0 0 -1 1 1 1 -1 0 0
[336] -1 1 0 -1 -1 -1 -1 0 0 -1 1 1 1 0 0 -1
[337] -1 1 0 -1 -1 -1 -1 0 0 -1 1 1 1 0 0 0
[338] -1 1 0 -1 -1 -1 -1 0 0 -1 1 1 1 1 -1 -1
[339] -1 1 0 -1 -1 -1 -1 0 0 0 -1 -1 0 1 1 1
[340] -1 1 0 -1 -1 -1 -1 0 0 0 -1 -1 1 -1 1 1
[341] -1 1 0 -1 -1 -1 -1 0 0 0 -1 -1 1 1 1 1
[342] -1 1 0 -1 -1 -1 -1 0 0 0 -1 1 1 -1 1 1
[343] -1 1 0 -1 -1 -1 -1 0 0 0 0 1 1 0 -1 0
[344] -1 1 0 -1 -1 -1 -1 0 0 0 0 1 1 1 -1 -1
[345] -1 1 0 -1 -1 -1 -1 0 0 0 1 -1 1 1 -1 -1
[346] -1 1 0 -1 -1 -1 -1 0 0 0 1 0 0 1 -1 0
[347] -1 1 0 -1 -1 -1 -1 0 0 0 1 0 1 1 -1 1
[348] -1 1 0 -1 -1 -1 -1 0 0 0 1 1 0 1 -1 -1
[349] -1 1 0 -1 -1 -1 -1 0 0 0 1 1 1 -1 -1 1
[350] -1 1 0 -1 -1 -1 -1 0 0 0 1 1 1 -1 0 0
[351] -1 1 0 -1 -1 -1 -1 0 0 1 -1 -1 1 -1 1 -1
[352] -1 1 0 -1 -1 -1 -1 0 0 1 -1 -1 1 1 1 1
[353] -1 1 0 -1 -1 -1 -1 0 0 1 -1 0 1 -1 1 1
[354] -1 1 0 -1 -1 -1 -1 0 0 1 -1 1 1 -1 -1 -1
[355] -1 1 0 -1 -1 -1 -1 0 0 1 0 1 1 -1 1 -1
[356] -1 1 0 -1 -1 -1 -1 0 0 1 0 1 1 0 1 0
[357] -1 1 0 -1 -1 -1 -1 0 0 1 1 1 1 -1 -1 -1
[358] -1 1 0 -1 -1 -1 -1 0 0 1 1 1 1 -1 -1 1
[359] -1 1 0 -1 -1 -1 -1 0 0 1 1 1 1 0 0 0
[360] -1 1 0 -1 -1 -1 -1 1 -1 -1 0 0 0 -1 1 1
[361] -1 1 0 -1 -1 -1 -1 1 -1 -1 0 0 0 0 -1 1
[362] -1 1 0 -1 -1 -1 -1 1 -1 -1 0 0 1 0 -1 1
[363] -1 1 0 -1 -1 -1 -1 1 -1 -1 0 0 1 0 0 1
[364] -1 1 0 -1 -1 -1 -1 1 -1 -1 0 0 1 0 1 1
[365] -1 1 0 -1 -1 -1 -1 1 -1 -1 1 0 0 -1 0 1
[366] -1 1 0 -1 -1 -1 -1 1 -1 -1 1 0 0 -1 1 1
[367] -1 1 0 -1 -1 -1 -1 1 -1 -1 1 0 0 0 -1 1
[368] -1 1 0 -1 -1 -1 -1 1 -1 -1 1 0 0 0 0 0
[369] -1 1 0 -1 -1 -1 -1 1 -1 -1 1 0 0 0 0 1
[370] -1 1 0 -1 -1 -1 -1 1 -1 -1 1 0 1 0 -1 1
[371] -1 1 0 -1 -1 -1 -1 1 -1 -1 1 0 1 0 0 0
[372] -1 1 0 -1 -1 -1 -1 1 -1 -1 1 0 1 0 0 1
[373] -1 1 0 -1 -1 -1 -1 1 -1 0 1 -1 0 -1 0 1
[374] -1 1 0 -1 -1 -1 -1 1 -1 0 1 1 0 0 0 0
[375] -1 1 0 -1 -1 -1 -1 1 -1 0 1 1 1 -1 -1 0
[376] -1 1 0 -1 -1 -1 -1 1 -1 0 1 1 1 0 0 0
[377] -1 1 0 -1 -1 -1 -1 1 -1 1 1 0 0 0 -1 -1
[378] -1 1 0 -1 -1 -1 -1 1 0 -1 -1 -1 0 0 0 0
[379] -1 1 0 -1 -1 -1 -1 1 0 -1 -1 -1 0 1 1 0
[380] -1 1 0 -1 -1 -1 -1 1 0 -1 -1 -1 1 1 1 0
[381] -1 1 0 -1 -1 -1 -1 1 0 -1 -1 0 0 0 0 1
[382] -1 1 0 -1 -1 -1 -1 1 0 -1 -1 0 0 1 -1 1
[383] -1 1 0 -1 -1 -1 -1 1 0 -1 -1 0 0 1 1 1
[384] -1 1 0 -1 -1 -1 -1 1 0 -1 0 0 0 1 -1 1
[385] -1 1 0 -1 -1 -1 -1 1 0 -1 0 0 0 1 0 1
[386] -1 1 0 -1 -1 -1 -1 1 0 -1 1 -1 0 0 -1 1
[387] -1 1 0 -1 -1 -1 -1 1 0 -1 1 -1 0 0 0 0
[388] -1 1 0 -1 -1 -1 -1 1 0 -1 1 -1 0 1 0 0
[389] -1 1 0 -1 -1 -1 -1 1 0 -1 1 -1 1 0 -1 1
[390] -1 1 0 -1 -1 -1 -1 1 0 -1 1 -1 1 1 0 0
[391] -1 1 0 -1 -1 -1 -1 1 0 -1 1 0 0 0 -1 1
[392] -1 1 0 -1 -1 -1 -1 1 0 -1 1 0 1 0 0 1
[393] -1 1 0 -1 -1 -1 -1 1 0 -1 1 0 1 0 1 1
[394] -1 1 0 -1 -1 -1 -1 1 0 0 0 1 1 -1 -1 0
[395] -1 1 0 -1 -1 -1 -1 1 0 0 0 1 1 -1 1 0
[396] -1 1 0 -1 -1 -1 -1 1 0 0 1 -1 0 1 -1 1
[397] -1 1 0 -1 -1 -1 -1 1 0 0 1 0 0 1 -1 1
[398] -1 1 0 -1 -1 -1 -1 1 0 0 1 1 1 -1 1 0
[399] -1 1 0 -1 -1 -1 -1 1 0 1 -1 1 1 0 -1 -1
[400] -1 1 0 -1 -1 -1 -1 1 0 1 -1 1 1 0 1 -1
[401] -1 1 0 -1 -1 -1 -1 1 0 1 1 1 1 -1 -1 0
[402] -1 1 0 -1 -1 -1 0 0 -1 0 -1 -1 0 -1 -1 -1
[403] -1 1 0 -1 -1 -1 0 0 -1 0 -1 -1 1 -1 -1 -1
[404] -1 1 0 -1 -1 -1 0 0 -1 0 -1 -1 1 -1 -1 1
[405] -1 1 0 -1 -1 -1 0 0 -1 0 -1 0 0 -1 -1 1
[406] -1 1 0 -1 -1 -1 0 0 -1 0 -1 1 0 -1 0 1
[407] -1 1 0 -1 -1 -1 0 0 -1 0 -1 1 0 -1 1 0
[408] -1 1 0 -1 -1 -1 0 0 -1 0 -1 1 1 -1 -1 0
[409] -1 1 0 -1 -1 -1 0 0 -1 0 -1 1 1 -1 1 0
[410] -1 1 0 -1 -1 -1 0 0 -1 0 -1 1 1 -1 1 1
[411] -1 1 0 -1 -1 -1 0 0 -1 0 1 1 1 -1 -1 0
[412] -1 1 0 -1 -1 -1 0 0 -1 0 1 1 1 -1 -1 1
[413] -1 1 0 -1 -1 -1 0 0 -1 1 1 1 0 -1 0 -1
[414] -1 1 0 -1 -1 -1 0 0 -1 1 1 1 0 0 0 -1
[415] -1 1 0 -1 -1 -1 0 0 -1 1 1 1 1 0 -1 1
[416] -1 1 0 -1 -1 -1 0 0 -1 1 1 1 1 0 1 0
[417] -1 1 0 -1 -1 -1 0 0 0 -1 -1 -1 0 0 1 1
[418] -1 1 0 -1 -1 -1 0 0 0 -1 -1 -1 1 1 1 1
[419] -1 1 0 -1 -1 -1 0 0 0 -1 1 -1 1 0 0 1
[420] -1 1 0 -1 -1 -1 0 1 0 -1 -1 -1 1 -1 1 1
[421] -1 1 0 -1 -1 -1 0 1 0 -1 -1 0 1 -1 1 1
[422] -1 1 0 -1 -1 -1 0 1 0 -1 -1 1 0 0 1 1
[423] -1 1 0 -1 -1 -1 0 1 0 -1 -1 1 1 1 1 1
[424] -1 1 0 -1 -1 -1 0 1 0 -1 1 -1 1 -1 -1 1
[425] -1 1 0 -1 -1 -1 0 1 0 -1 1 1 0 0 -1 1
[426] -1 1 0 -1 -1 -1 0 1 0 -1 1 1 1 1 -1 1
[427] -1 1 0 -1 -1 -1 0 1 0 0 -1 1 1 -1 1 1
[428] -1 1 0 -1 -1 -1 0 1 0 0 1 1 1 -1 -1 1
[429] -1 1 0 -1 -1 -1 0 1 0 1 -1 1 1 -1 1 1
[430] -1 1 0 -1 -1 -1 0 1 0 1 1 1 1 -1 -1 1
[431] -1 1 0 -1 -1 -1 1 -1 -1 0 -1 0 1 -1 1 0
[432] -1 1 0 -1 -1 -1 1 -1 -1 0 -1 0 1 0 0 1
[433] -1 1 0 -1 -1 -1 1 -1 -1 0 -1 1 0 -1 0 1
[434] -1 1 0 -1 -1 -1 1 -1 -1 0 -1 1 0 -1 1 0
[435] -1 1 0 -1 -1 -1 1 -1 -1 0 -1 1 0 0 0 1
[436] -1 1 0 -1 -1 -1 1 -1 -1 0 -1 1 1 0 1 0
[437] -1 1 0 -1 -1 -1 1 -1 -1 0 0 1 1 -1 -1 0
[438] -1 1 0 -1 -1 -1 1 -1 -1 0 1 1 0 -1 0 -1
[439] -1 1 0 -1 -1 -1 1 -1 -1 0 1 1 1 0 -1 0
[440] -1 1 0 -1 -1 -1 1 -1 -1 1 1 0 0 -1 -1 -1
[441] -1 1 0 -1 -1 -1 1 -1 -1 1 1 0 0 -1 0 -1
[442] -1 1 0 -1 -1 -1 1 -1 -1 1 1 0 0 0 -1 -1
[443] -1 1 0 -1 -1 -1 1 -1 -1 1 1 0 1 0 -1 -1
[444] -1 1 0 -1 -1 -1 1 -1 -1 1 1 0 1 0 -1 0
[445] -1 1 0 -1 -1 -1 1 -1 -1 1 1 0 1 0 -1 1
[446] -1 1 0 -1 -1 -1 1 -1 0 -1 -1 -1 0 -1 1 0
[447] -1 1 0 -1 -1 -1 1 -1 0 -1 -1 -1 0 0 0 1
[448] -1 1 0 -1 -1 -1 1 -1 0 -1 -1 -1 1 0 1 1
[449] -1 1 0 -1 -1 -1 1 -1 0 -1 -1 1 0 0 1 -1
[450] -1 1 0 -1 -1 -1 1 -1 0 -1 -1 1 1 0 0 0
[451] -1 1 0 -1 -1 -1 1 -1 0 -1 0 -1 0 0 1 0
[452] -1 1 0 -1 -1 -1 1 -1 0 -1 0 -1 0 0 1 1
[453] -1 1 0 -1 -1 -1 1 -1 0 -1 0 -1 1 0 1 1
[454] -1 1 0 -1 -1 -1 1 -1 0 -1 1 0 1 0 -1 -1
[455] -1 1 0 -1 -1 -1 1 -1 0 -1 1 1 0 0 -1 -1
[456] -1 1 0 -1 -1 -1 1 -1 0 0 0 -1 0 1 1 1
[457] -1 1 0 -1 -1 -1 1 -1 0 0 1 0 1 0 -1 -1
[458] -1 1 0 -1 -1 -1 1 -1 0 0 1 1 1 -1 0 0
[459] -1 1 0 -1 -1 -1 1 -1 0 0 1 1 1 0 -1 0
[460] -1 1 0 -1 -1 -1 1 -1 0 1 1 1 1 0 -1 -1
[461] -1 1 0 -1 -1 -1 1 0 -1 0 -1 0 1 -1 1 1
[462] -1 1 0 -1 -1 -1 1 0 -1 0 0 1 0 -1 0 0
[463] -1 1 0 -1 -1 -1 1 0 -1 0 0 1 0 -1 0 1
[464] -1 1 0 -1 -1 -1 1 0 -1 0 0 1 0 -1 1 -1
[465] -1 1 0 -1 -1 -1 1 0 -1 0 0 1 1 -1 -1 1
[466] -1 1 0 -1 -1 -1 1 0 -1 0 0 1 1 -1 0 0
[467] -1 1 0 -1 -1 -1 1 0 -1 0 1 1 0 -1 0 0
[468] -1 1 0 -1 -1 -1 1 0 -1 0 1 1 1 -1 -1 -1
[469] -1 1 0 -1 -1 -1 1 0 -1 1 1 1 0 -1 0 0
[470] -1 1 0 -1 -1 -1 1 0 -1 1 1 1 0 0 0 0
[471] -1 1 0 -1 -1 -1 1 0 -1 1 1 1 1 0 -1 -1
[472] -1 1 0 -1 -1 -1 1 0 -1 1 1 1 1 0 -1 0
[473] -1 1 0 -1 -1 -1 1 0 -1 1 1 1 1 0 -1 1
[474] -1 1 0 -1 -1 -1 1 0 0 -1 -1 -1 1 0 -1 1
[475] -1 1 0 -1 -1 -1 1 0 0 -1 -1 -1 1 0 1 1
[476] -1 1 0 -1 -1 -1 1 0 0 -1 -1 -1 1 1 -1 1
[477] -1 1 0 -1 -1 -1 1 0 0 -1 -1 -1 1 1 1 1
[478] -1 1 0 -1 -1 -1 1 0 0 -1 -1 0 0 0 1 1
[479] -1 1 0 -1 -1 -1 1 0 0 -1 -1 0 1 1 1 1
[480] -1 1 0 -1 -1 -1 1 0 0 -1 1 -1 1 0 -1 1
[481] -1 1 0 -1 -1 -1 1 0 0 -1 1 1 1 -1 -1 -1
[482] -1 1 0 -1 -1 -1 1 0 0 -1 1 1 1 0 -1 -1
[483] -1 1 0 -1 -1 -1 1 0 0 0 0 0 1 1 1 1
[484] -1 1 0 -1 -1 -1 1 0 0 0 1 1 1 -1 -1 1
[485] -1 1 0 -1 -1 -1 1 0 0 1 -1 1 1 -1 1 -1
[486] -1 1 0 -1 -1 -1 1 0 0 1 -1 1 1 0 0 0
[487] -1 1 0 -1 -1 -1 1 0 0 1 0 1 1 -1 -1 -1
[488] -1 1 0 -1 -1 -1 1 0 0 1 0 1 1 0 -1 0
[489] -1 1 0 -1 -1 -1 1 1 -1 0 -1 -1 0 -1 0 1
[490] -1 1 0 -1 -1 -1 1 1 0 -1 1 0 0 1 -1 1
[491] -1 1 0 -1 -1 -1 1 1 0 1 -1 1 1 -1 1 0
[492] -1 1 0 -1 -1 0 -1 -1 -1 0 -1 0 0 -1 -1 -1
[493] -1 1 0 -1 -1 0 -1 -1 -1 1 -1 0 0 -1 -1 -1
[494] -1 1 0 -1 -1 0 -1 -1 -1 1 -1 0 0 -1 -1 0
[495] -1 1 0 -1 -1 0 -1 -1 -1 1 -1 0 0 -1 -1 1
[496] -1 1 0 -1 -1 0 -1 -1 -1 1 -1 0 1 -1 -1 1
[497] -1 1 0 -1 -1 0 -1 -1 0 -1 -1 -1 0 1 -1 0
[498] -1 1 0 -1 -1 0 -1 -1 0 -1 -1 1 0 -1 1 0
[499] -1 1 0 -1 -1 0 -1 -1 0 -1 -1 1 1 -1 -1 -1
[500] -1 1 0 -1 -1 0 -1 -1 0 -1 -1 1 1 -1 -1 0
[501] -1 1 0 -1 -1 0 -1 -1 0 -1 -1 1 1 -1 1 -1
[502] -1 1 0 -1 -1 0 -1 -1 0 -1 -1 1 1 -1 1 0
[503] -1 1 0 -1 -1 0 -1 -1 0 -1 0 -1 0 0 -1 0
[504] -1 1 0 -1 -1 0 -1 -1 0 -1 0 -1 0 1 -1 1
[505] -1 1 0 -1 -1 0 -1 -1 0 0 -1 0 1 -1 1 -1
[506] -1 1 0 -1 -1 0 -1 -1 0 0 -1 1 1 -1 0 0
[507] -1 1 0 -1 -1 0 -1 -1 0 0 -1 1 1 -1 1 -1
[508] -1 1 0 -1 -1 0 -1 -1 0 1 -1 0 1 -1 1 -1
[509] -1 1 0 -1 -1 0 -1 -1 0 1 -1 1 1 -1 -1 -1
[510] -1 1 0 -1 -1 0 -1 -1 0 1 -1 1 1 -1 0 0
[511] -1 1 0 -1 -1 0 -1 0 -1 0 0 1 0 -1 -1 1
[512] -1 1 0 -1 -1 0 -1 0 -1 0 1 1 0 -1 -1 1
[513] -1 1 0 -1 -1 0 -1 0 0 -1 -1 -1 0 1 0 1
[514] -1 1 0 -1 -1 0 -1 0 0 -1 -1 -1 1 -1 1 1
[515] -1 1 0 -1 -1 0 -1 0 0 -1 -1 -1 1 0 0 1
[516] -1 1 0 -1 -1 0 -1 0 0 -1 -1 -1 1 1 1 1
[517] -1 1 0 -1 -1 0 -1 0 0 -1 0 0 1 0 -1 1
[518] -1 1 0 -1 -1 0 -1 0 0 -1 0 0 1 1 -1 1
[519] -1 1 0 -1 -1 0 -1 0 0 0 -1 -1 0 1 1 1
[520] -1 1 0 -1 -1 0 -1 0 0 0 0 1 1 -1 -1 -1
[521] -1 1 0 -1 -1 0 -1 0 0 0 0 1 1 -1 -1 0
[522] -1 1 0 -1 -1 0 -1 1 0 -1 0 -1 0 0 0 1
[523] -1 1 0 -1 -1 0 -1 1 0 -1 0 0 1 0 -1 0
[524] -1 1 0 -1 -1 0 -1 1 0 -1 0 0 1 1 -1 -1
[525] -1 1 0 -1 -1 0 -1 1 0 -1 0 0 1 1 1 1
[526] -1 1 0 -1 -1 0 -1 1 0 -1 0 1 1 0 -1 0
[527] -1 1 0 -1 -1 0 -1 1 0 -1 0 1 1 1 -1 -1
[528] -1 1 0 -1 -1 0 -1 1 0 -1 1 -1 1 -1 -1 1
[529] -1 1 0 -1 -1 0 -1 1 0 -1 1 0 0 1 -1 1
[530] -1 1 0 -1 -1 0 -1 1 0 -1 1 0 1 -1 -1 1
[531] -1 1 0 -1 -1 0 -1 1 0 -1 1 0 1 0 0 1
[532] -1 1 0 -1 -1 0 -1 1 0 -1 1 1 0 1 -1 0
[533] -1 1 0 -1 -1 0 -1 1 0 -1 1 1 1 0 0 0
[534] -1 1 0 -1 -1 0 -1 1 0 -1 1 1 1 0 0 1
[535] -1 1 0 -1 -1 0 -1 1 0 -1 1 1 1 1 -1 -1
[536] -1 1 0 -1 -1 0 -1 1 0 0 0 1 1 -1 -1 -1
[537] -1 1 0 -1 -1 0 -1 1 0 0 0 1 1 -1 -1 0
[538] -1 1 0 -1 -1 0 -1 1 0 1 -1 -1 1 -1 1 -1
[539] -1 1 0 -1 -1 0 -1 1 0 1 -1 0 1 -1 1 1
[540] -1 1 0 -1 -1 0 -1 1 0 1 -1 1 1 -1 1 1
[541] -1 1 0 -1 -1 0 0 1 0 -1 -1 -1 1 0 1 1
[542] -1 1 0 -1 -1 0 0 1 0 -1 1 -1 0 1 -1 0
[543] -1 1 0 -1 -1 0 0 1 0 -1 1 -1 1 0 -1 1
[544] -1 1 0 -1 -1 0 0 1 0 -1 1 1 0 1 -1 0
[545] -1 1 0 -1 -1 0 0 1 0 -1 1 1 1 0 -1 1
[546] -1 1 0 -1 -1 0 1 -1 0 -1 -1 -1 0 0 1 0
[547] -1 1 0 -1 -1 0 1 -1 0 -1 -1 -1 1 -1 1 1
[548] -1 1 0 -1 -1 0 1 -1 0 -1 0 1 1 -1 -1 0
[549] -1 1 0 -1 -1 0 1 -1 0 -1 1 -1 0 1 1 0
[550] -1 1 0 -1 -1 0 1 -1 0 -1 1 1 1 -1 -1 -1
[551] -1 1 0 -1 -1 0 1 -1 0 -1 1 1 1 -1 1 -1
[552] -1 1 0 -1 -1 0 1 -1 0 -1 1 1 1 -1 1 0
[553] -1 1 0 -1 -1 0 1 -1 0 0 1 0 1 -1 -1 -1
[554] -1 1 0 -1 -1 0 1 -1 0 0 1 1 1 -1 -1 -1
[555] -1 1 0 -1 -1 0 1 -1 0 0 1 1 1 -1 0 0
[556] -1 1 0 -1 -1 0 1 -1 0 1 1 0 1 -1 -1 -1
[557] -1 1 0 -1 -1 0 1 -1 0 1 1 1 1 -1 0 0
[558] -1 1 0 -1 -1 0 1 -1 0 1 1 1 1 -1 1 -1
[559] -1 1 0 -1 -1 0 1 0 0 -1 -1 -1 1 0 1 1
[560] -1 1 0 -1 -1 0 1 0 0 -1 -1 -1 1 1 1 1
[561] -1 1 0 -1 -1 0 1 1 0 -1 -1 -1 1 -1 1 1
[562] -1 1 0 -1 -1 0 1 1 0 -1 -1 -1 1 0 1 0
[563] -1 1 0 -1 -1 0 1 1 0 -1 -1 -1 1 1 1 -1
[564] -1 1 0 -1 -1 0 1 1 0 -1 -1 0 0 1 0 0
[565] -1 1 0 -1 -1 0 1 1 0 -1 -1 0 0 1 1 1
[566] -1 1 0 -1 -1 0 1 1 0 -1 -1 0 1 -1 1 1
[567] -1 1 0 -1 -1 0 1 1 0 -1 -1 0 1 0 0 1
[568] -1 1 0 -1 -1 0 1 1 0 -1 -1 0 1 0 1 0
[569] -1 1 0 -1 -1 0 1 1 0 -1 -1 0 1 1 1 -1
[570] -1 1 0 -1 -1 0 1 1 0 -1 -1 1 0 1 0 1
[571] -1 1 0 -1 -1 0 1 1 0 -1 -1 1 1 0 0 1
[572] -1 1 0 -1 -1 0 1 1 0 -1 0 0 1 1 -1 1
[573] -1 1 0 -1 -1 0 1 1 0 0 0 1 1 -1 1 0
[574] -1 1 0 -1 -1 0 1 1 0 0 1 -1 1 0 -1 0
[575] -1 1 0 -1 -1 0 1 1 0 1 1 -1 1 -1 -1 -1
[576] -1 1 0 -1 -1 0 1 1 0 1 1 1 1 -1 -1 1
[577] -1 1 0 -1 -1 1 -1 0 0 -1 -1 -1 0 0 -1 1
[578] -1 1 0 -1 -1 1 -1 0 0 -1 -1 -1 0 0 0 1
[579] -1 1 0 -1 -1 1 -1 0 0 -1 -1 -1 0 1 0 1
[580] -1 1 0 -1 -1 1 -1 0 0 -1 -1 -1 1 0 -1 0
[581] -1 1 0 -1 -1 1 -1 0 0 -1 -1 -1 1 1 1 1
[582] -1 1 0 -1 -1 1 -1 0 0 -1 -1 0 1 0 -1 1
[583] -1 1 0 -1 -1 1 -1 0 0 -1 -1 0 1 0 0 1
[584] -1 1 0 -1 -1 1 -1 0 0 -1 -1 0 1 1 1 1
[585] -1 1 0 -1 -1 1 -1 0 0 -1 -1 1 1 0 -1 1
[586] -1 1 0 -1 -1 1 -1 0 0 -1 -1 1 1 1 -1 1
[587] -1 1 0 -1 -1 1 -1 0 0 -1 0 1 1 0 0 1
[588] -1 1 0 -1 -1 1 -1 0 0 -1 0 1 1 1 -1 1
[589] -1 1 0 -1 -1 1 -1 0 0 -1 1 1 1 1 -1 1
[590] -1 1 0 -1 -1 1 -1 0 0 0 -1 -1 0 1 -1 1
[591] -1 1 0 -1 -1 1 -1 0 0 0 -1 -1 1 1 1 1
[592] -1 1 0 -1 -1 1 -1 0 0 0 -1 0 0 1 1 1
[593] -1 1 0 -1 0 -1 -1 -1 0 -1 1 0 0 0 -1 0
[594] -1 1 0 -1 0 -1 -1 -1 0 -1 1 0 1 0 0 1
[595] -1 1 0 -1 0 -1 -1 -1 0 0 -1 0 1 -1 1 -1
[596] -1 1 0 -1 0 -1 -1 -1 0 0 -1 1 0 1 1 0
[597] -1 1 0 -1 0 -1 -1 -1 0 0 -1 1 1 -1 1 -1
[598] -1 1 0 -1 0 -1 -1 -1 0 0 1 -1 0 1 0 1
[599] -1 1 0 -1 0 -1 -1 -1 0 0 1 -1 1 0 -1 1
[600] -1 1 0 -1 0 -1 -1 -1 0 0 1 0 0 1 -1 0
[601] -1 1 0 -1 0 -1 -1 -1 0 0 1 0 1 1 -1 1
[602] -1 1 0 -1 0 -1 -1 -1 0 1 -1 0 1 -1 1 -1
[603] -1 1 0 -1 0 -1 -1 -1 0 1 0 0 1 -1 1 -1
[604] -1 1 0 -1 0 -1 -1 -1 0 1 0 1 1 0 1 0
[605] -1 1 0 -1 0 -1 -1 -1 0 1 0 1 1 1 1 0
[606] -1 1 0 -1 0 -1 -1 -1 0 1 1 0 1 0 -1 1
[607] -1 1 0 -1 0 -1 -1 -1 1 -1 1 -1 1 0 0 1
[608] -1 1 0 -1 0 -1 -1 -1 1 0 -1 1 1 1 1 -1
[609] -1 1 0 -1 0 -1 -1 -1 1 0 1 1 1 1 -1 -1
[610] -1 1 0 -1 0 -1 -1 -1 1 1 -1 1 1 1 1 0
[611] -1 1 0 -1 0 -1 -1 0 0 -1 1 -1 0 1 0 0
[612] -1 1 0 -1 0 -1 -1 0 0 -1 1 -1 1 0 0 1
[613] -1 1 0 -1 0 -1 -1 0 0 -1 1 -1 1 1 1 1
[614] -1 1 0 -1 0 -1 -1 0 0 1 0 1 1 0 1 -1
[615] -1 1 0 -1 0 -1 -1 0 0 1 1 1 1 1 1 -1
[616] -1 1 0 -1 0 -1 -1 0 1 -1 1 -1 1 0 -1 1
[617] -1 1 0 -1 0 -1 -1 0 1 -1 1 -1 1 0 0 1
[618] -1 1 0 -1 0 -1 0 -1 0 0 -1 0 0 1 1 -1
[619] -1 1 0 -1 0 -1 0 -1 0 0 -1 0 1 1 1 1
[620] -1 1 0 -1 0 -1 0 -1 0 0 -1 1 0 1 1 -1
[621] -1 1 0 -1 0 -1 0 -1 0 0 -1 1 1 1 1 0
[622] -1 1 0 -1 0 -1 0 -1 0 0 1 1 1 1 -1 0
[623] -1 1 0 -1 0 -1 0 -1 0 1 -1 1 1 0 1 -1
[624] -1 1 0 -1 0 -1 0 -1 0 1 -1 1 1 0 1 0
[625] -1 1 0 -1 0 -1 0 0 1 0 -1 -1 1 1 1 1
[626] -1 1 0 -1 0 -1 1 -1 0 0 -1 -1 1 0 1 1
[627] -1 1 0 -1 0 -1 1 -1 0 0 0 0 1 1 1 1
[628] -1 1 0 -1 0 -1 1 -1 0 0 1 0 1 -1 -1 -1
[629] -1 1 0 -1 0 -1 1 -1 0 0 1 1 0 1 -1 0
[630] -1 1 0 -1 0 -1 1 -1 0 1 0 1 1 1 -1 0
[631] -1 1 0 -1 0 -1 1 0 0 0 -1 -1 0 1 -1 1
[632] -1 1 0 -1 0 -1 1 0 0 1 1 1 1 0 -1 -1
[633] -1 1 0 -1 0 0 -1 -1 0 0 1 0 0 1 -1 1
[634] -1 1 0 -1 0 0 -1 -1 0 1 -1 1 1 0 1 -1
[635] -1 1 0 -1 0 0 -1 -1 0 1 0 0 1 0 1 -1
[636] -1 1 0 -1 0 0 -1 0 0 1 1 1 1 -1 1 -1
[637] -1 1 0 -1 0 0 -1 1 1 -1 -1 0 1 1 1 1
[638] -1 1 0 -1 0 0 -1 1 1 -1 0 0 1 1 1 0
[639] -1 1 0 -1 0 0 -1 1 1 -1 1 -1 1 1 1 0
[640] -1 1 0 -1 0 0 0 1 1 -1 1 0 1 1 -1 -1
[641] -1 1 0 -1 0 0 1 0 0 1 -1 1 1 -1 -1 -1
[642] -1 1 0 -1 0 0 1 1 1 -1 -1 -1 1 1 -1 0
[643] -1 1 0 -1 1 -1 0 0 1 0 -1 1 1 1 1 0
[644] -1 1 0 0 -1 -1 -1 0 0 -1 -1 -1 0 0 1 1
[645] -1 1 0 0 -1 -1 -1 0 0 -1 -1 -1 1 -1 1 1
[646] -1 1 0 0 -1 -1 -1 0 0 -1 1 -1 1 -1 -1 1
[647] -1 1 0 0 -1 -1 0 -1 -1 0 -1 1 0 0 -1 0
[648] -1 1 0 0 0 -1 -1 -1 0 1 0 1 1 0 1 -1
[649] -1 1 0 0 0 -1 -1 -1 0 1 1 0 1 0 -1 1
[650] -1 1 0 1 -1 -1 -1 1 0 -1 1 1 1 0 0 -1
[651] 0 0 0 0 0 1 -1 1 -1 -1 0 -1 -1 -1 1 0
[652] 0 0 0 1 -1 -1 -1 0 -1 -1 0 -1 -1 0 1 1
[653] 0 0 0 1 -1 -1 -1 0 -1 -1 0 1 -1 0 0 -1
[654] 0 0 0 1 -1 -1 -1 0 -1 0 -1 1 -1 1 1 -1
[655] 0 0 0 1 -1 -1 -1 0 -1 0 0 -1 -1 0 1 1
[656] 0 0 0 1 -1 -1 -1 0 -1 0 0 -1 1 1 -1 -1
[657] 0 0 0 1 -1 -1 -1 0 0 -1 1 -1 1 1 -1 -1
[658] 0 0 0 1 -1 -1 -1 0 0 -1 1 1 1 -1 1 -1
[659] 0 0 0 1 -1 -1 -1 0 0 1 -1 -1 1 -1 1 -1
[660] 0 0 0 1 -1 -1 0 -1 -1 0 -1 -1 1 -1 1 -1
[661] 0 0 0 1 -1 -1 0 -1 -1 0 -1 -1 1 -1 1 0
[662] 0 0 0 1 -1 -1 0 -1 -1 0 -1 -1 1 1 1 -1
[663] 0 0 0 1 -1 -1 0 -1 -1 0 -1 -1 1 1 1 0
[664] 0 0 0 1 -1 -1 0 -1 -1 0 -1 0 0 1 0 -1
[665] 0 0 0 1 -1 -1 0 -1 -1 0 -1 0 1 0 0 -1
[666] 0 0 0 1 -1 -1 0 -1 -1 0 -1 0 1 1 -1 -1
[667] 0 0 0 1 -1 -1 0 -1 -1 0 -1 0 1 1 1 -1
[668] 0 0 0 1 -1 -1 0 -1 0 1 -1 -1 1 -1 1 -1
[669] 0 0 0 1 -1 -1 0 -1 0 1 -1 -1 1 -1 1 0
[670] 0 0 0 1 -1 -1 0 -1 0 1 -1 0 1 -1 1 -1
[671] 0 0 0 1 -1 -1 0 -1 0 1 -1 0 1 -1 1 0
[672] 0 0 0 1 -1 -1 0 -1 1 -1 1 -1 1 1 -1 0
[673] 0 0 0 1 -1 -1 0 -1 1 -1 1 0 1 1 -1 -1
[674] 0 0 0 1 -1 -1 0 1 -1 -1 1 -1 -1 0 -1 -1
[675] 0 0 0 1 -1 -1 0 1 -1 0 -1 0 -1 0 1 -1
[676] 0 0 0 1 -1 -1 1 -1 -1 0 -1 -1 1 1 0 -1
[677] 0 0 0 1 -1 -1 1 -1 -1 0 -1 -1 1 1 1 0
[678] 0 0 0 1 -1 -1 1 0 -1 0 -1 -1 0 0 1 -1
[679] 0 0 0 1 -1 0 -1 0 1 -1 0 -1 1 1 -1 0
[680] 0 0 1 -1 -1 -1 -1 0 -1 0 -1 1 -1 1 1 -1
[681] 0 0 1 -1 -1 -1 -1 0 -1 0 0 1 1 1 -1 1
[682] 0 0 1 -1 -1 -1 -1 0 -1 0 1 0 1 1 -1 1
[683] 0 0 1 -1 -1 -1 -1 0 -1 1 1 -1 0 1 -1 1
[684] 0 0 1 -1 -1 -1 -1 0 0 1 1 1 1 -1 -1 -1
[685] 0 0 1 -1 -1 -1 -1 0 0 1 1 1 1 0 0 0
[686] 1 -1 1 -1 1 0 1 1 -1 -1 1 1 -1 0 -1 0
[687] 1 -1 1 -1 1 1 -1 0 -1 0 -1 1 -1 0 0 0
[688] 1 -1 1 -1 1 1 -1 0 -1 0 0 1 -1 0 1 0
[689] 1 -1 1 -1 1 1 0 -1 -1 0 -1 -1 -1 0 0 0
[690] 1 -1 1 0 -1 -1 0 -1 -1 -1 1 1 0 1 -1 1
[691] 1 -1 1 0 -1 -1 0 -1 -1 1 1 -1 0 0 -1 1
[692] 1 -1 1 0 -1 0 -1 -1 -1 1 1 1 0 -1 1 1
[693] 1 -1 1 0 -1 0 -1 -1 -1 1 1 1 0 1 0 -1
[694] 1 -1 1 0 -1 0 0 -1 -1 1 1 1 0 1 -1 -1
[695] 1 -1 1 0 -1 0 0 -1 0 -1 -1 1 0 1 0 -1
[696] 1 -1 1 1 -1 -1 -1 0 -1 -1 0 1 0 1 1 -1
[697] 1 0 -1 -1 -1 -1 -1 0 -1 -1 0 -1 -1 0 0 1
[698] 1 0 -1 -1 -1 -1 -1 0 -1 -1 1 -1 1 1 0 1
[699] 1 0 -1 -1 -1 -1 -1 0 -1 0 0 -1 1 1 1 1
[700] 1 0 -1 -1 -1 -1 0 1 0 1 1 -1 1 1 1 0
[701] 1 0 -1 -1 -1 0 -1 0 0 -1 1 -1 1 1 1 1
[702] 1 0 -1 0 -1 -1 -1 0 -1 -1 1 -1 0 1 1 1
[703] 1 0 -1 0 -1 -1 -1 0 0 -1 0 -1 0 1 1 1
[704] -1 -1 -1 0 -1 1 1 -1 0 1 -1 1 1 -1 0 0
[705] -1 -1 -1 0 0 -1 0 -1 0 1 1 1 1 1 -1 1
[0][END]
