[1] -1 -1 -1 -1 -1 -1 -1 0 -1 -1 -1 1 -1 -1 0 -1
[2] -1 -1 -1 -1 -1 -1 -1 0 -1 -1 0 -1 -1 0 -1 -1
[3] -1 -1 -1 -1 -1 -1 -1 0 -1 -1 0 -1 0 0 -1 -1
[4] -1 -1 -1 -1 -1 -1 -1 0 -1 -1 0 -1 0 1 -1 -1
[5] -1 -1 -1 -1 -1 -1 -1 0 -1 0 0 -1 0 -1 0 -1
[6] -1 -1 -1 -1 -1 -1 -1 0 -1 0 0 -1 1 -1 0 -1
[7] -1 -1 -1 -1 -1 -1 -1 0 -1 0 1 -1 0 -1 -1 -1
[8] -1 -1 -1 -1 -1 -1 -1 0 -1 0 1 -1 1 1 0 -1
[9] -1 -1 -1 -1 -1 -1 0 0 -1 0 -1 0 0 -1 -1 0
[10] -1 -1 -1 -1 -1 -1 0 0 -1 0 -1 0 0 -1 0 -1
[11] -1 -1 -1 -1 -1 -1 0 0 -1 0 -1 0 0 -1 1 -1
[12] -1 -1 -1 -1 -1 -1 0 0 -1 0 -1 0 1 -1 0 -1
[13] -1 -1 -1 -1 -1 -1 0 0 -1 0 -1 0 1 0 1 -1
[14] -1 -1 -1 -1 -1 -1 0 0 -1 0 -1 1 0 -1 1 -1
[15] -1 -1 -1 -1 -1 -1 0 0 -1 0 -1 1 0 0 0 -1
[16] -1 -1 -1 -1 -1 -1 0 0 -1 0 -1 1 1 -1 0 -1
[17] -1 -1 -1 -1 -1 -1 0 0 -1 0 -1 1 1 0 0 -1
[18] -1 -1 -1 -1 -1 -1 0 0 -1 0 -1 1 1 1 0 -1
[19] -1 -1 -1 -1 -1 -1 0 0 -1 1 -1 0 0 -1 0 -1
[20] -1 -1 -1 -1 -1 -1 0 0 -1 1 -1 0 0 -1 1 -1
[21] -1 -1 -1 -1 -1 -1 0 0 -1 1 -1 0 0 0 -1 -1
[22] -1 -1 -1 -1 -1 -1 0 0 -1 1 -1 0 0 0 -1 0
[23] -1 -1 -1 -1 -1 -1 0 0 -1 1 -1 0 1 0 -1 -1
[24] -1 -1 -1 -1 -1 -1 0 0 -1 1 -1 0 1 0 -1 1
[25] -1 -1 -1 -1 -1 -1 0 0 -1 1 -1 0 1 0 0 -1
[26] -1 -1 -1 -1 -1 -1 0 0 -1 1 -1 0 1 0 1 -1
[27] -1 -1 -1 -1 -1 -1 0 0 0 1 -1 1 1 -1 0 -1
[28] -1 -1 -1 -1 -1 -1 0 0 0 1 -1 1 1 0 0 -1
[29] -1 -1 -1 -1 -1 -1 0 1 -1 0 -1 -1 1 -1 1 0
[30] -1 -1 -1 -1 -1 -1 0 1 -1 0 -1 0 0 -1 0 -1
[31] -1 -1 -1 -1 -1 -1 0 1 -1 0 -1 0 0 -1 0 0
[32] -1 -1 -1 -1 -1 -1 0 1 -1 0 -1 0 0 -1 1 -1
[33] -1 -1 -1 -1 -1 -1 0 1 -1 0 -1 0 1 -1 0 0
[34] -1 -1 -1 -1 -1 -1 0 1 -1 0 -1 0 1 -1 1 0
[35] -1 -1 -1 -1 -1 -1 0 1 -1 0 -1 0 1 0 1 -1
[36] -1 -1 -1 -1 -1 -1 0 1 -1 0 -1 1 0 -1 0 -1
[37] -1 -1 -1 -1 -1 -1 0 1 -1 0 -1 1 0 -1 1 -1
[38] -1 -1 -1 -1 -1 -1 0 1 -1 0 -1 1 0 -1 1 0
[39] -1 -1 -1 -1 -1 -1 0 1 -1 0 -1 1 1 -1 1 0
[40] -1 -1 -1 -1 -1 -1 0 1 -1 0 -1 1 1 0 1 0
[41] -1 -1 -1 -1 -1 -1 0 1 -1 0 -1 1 1 1 1 0
[42] -1 -1 -1 -1 -1 -1 0 1 -1 0 0 -1 0 -1 0 0
[43] -1 -1 -1 -1 -1 -1 0 1 -1 0 0 -1 1 -1 -1 0
[44] -1 -1 -1 -1 -1 -1 0 1 -1 0 0 -1 1 -1 1 0
[45] -1 -1 -1 -1 -1 -1 0 1 -1 0 0 0 0 -1 -1 0
[46] -1 -1 -1 -1 -1 -1 0 1 -1 0 0 0 0 -1 0 -1
[47] -1 -1 -1 -1 -1 -1 0 1 -1 0 0 0 1 -1 -1 0
[48] -1 -1 -1 -1 -1 -1 0 1 -1 0 0 0 1 -1 0 0
[49] -1 -1 -1 -1 -1 -1 0 1 -1 0 0 0 1 -1 1 0
[50] -1 -1 -1 -1 -1 -1 0 1 -1 0 0 0 1 0 -1 1
[51] -1 -1 -1 -1 -1 -1 0 1 -1 0 1 -1 0 -1 -1 0
[52] -1 -1 -1 -1 -1 -1 0 1 -1 0 1 -1 0 -1 -1 1
[53] -1 -1 -1 -1 -1 -1 0 1 -1 0 1 -1 0 0 -1 -1
[54] -1 -1 -1 -1 -1 -1 0 1 -1 0 1 -1 0 0 0 0
[55] -1 -1 -1 -1 -1 -1 0 1 -1 0 1 -1 1 -1 -1 0
[56] -1 -1 -1 -1 -1 -1 0 1 -1 0 1 -1 1 0 -1 0
[57] -1 -1 -1 -1 -1 -1 0 1 -1 0 1 -1 1 1 -1 0
[58] -1 -1 -1 -1 -1 -1 0 1 -1 0 1 -1 1 1 0 0
[59] -1 -1 -1 -1 -1 -1 0 1 -1 1 -1 0 0 -1 0 -1
[60] -1 -1 -1 -1 -1 -1 0 1 -1 1 -1 0 0 -1 0 0
[61] -1 -1 -1 -1 -1 -1 0 1 -1 1 -1 0 0 0 -1 -1
[62] -1 -1 -1 -1 -1 -1 0 1 -1 1 -1 0 0 0 0 0
[63] -1 -1 -1 -1 -1 -1 0 1 -1 1 -1 0 1 0 0 -1
[64] -1 -1 -1 -1 -1 -1 0 1 -1 1 -1 0 1 0 1 -1
[65] -1 -1 -1 -1 -1 -1 0 1 -1 1 -1 0 1 0 1 0
[66] -1 -1 -1 -1 -1 -1 0 1 -1 1 0 0 0 -1 -1 0
[67] -1 -1 -1 -1 -1 -1 0 1 -1 1 0 0 0 -1 0 0
[68] -1 -1 -1 -1 -1 -1 0 1 -1 1 0 0 1 0 0 -1
[69] -1 -1 -1 -1 -1 -1 0 1 -1 1 0 0 1 0 1 -1
[70] -1 -1 -1 -1 -1 -1 0 1 -1 1 0 0 1 0 1 0
[71] -1 -1 -1 -1 -1 -1 0 1 -1 1 1 0 0 -1 -1 -1
[72] -1 -1 -1 -1 -1 -1 0 1 -1 1 1 0 0 -1 -1 0
[73] -1 -1 -1 -1 -1 -1 0 1 -1 1 1 0 0 -1 -1 1
[74] -1 -1 -1 -1 -1 -1 0 1 -1 1 1 0 0 -1 0 -1
[75] -1 -1 -1 -1 -1 -1 0 1 -1 1 1 0 0 -1 0 0
[76] -1 -1 -1 -1 -1 -1 0 1 -1 1 1 0 0 0 -1 -1
[77] -1 -1 -1 -1 -1 -1 0 1 -1 1 1 0 0 0 -1 0
[78] -1 -1 -1 -1 -1 -1 0 1 -1 1 1 0 0 0 0 -1
[79] -1 -1 -1 -1 -1 -1 0 1 -1 1 1 0 0 0 0 0
[80] -1 -1 -1 -1 -1 -1 0 1 -1 1 1 0 0 0 1 0
[81] -1 -1 -1 -1 -1 -1 0 1 -1 1 1 0 1 0 -1 -1
[82] -1 -1 -1 -1 -1 -1 0 1 -1 1 1 0 1 0 -1 0
[83] -1 -1 -1 -1 -1 -1 0 1 -1 1 1 0 1 0 0 0
[84] -1 -1 -1 -1 -1 -1 0 1 -1 1 1 0 1 0 1 0
[85] -1 -1 -1 -1 -1 -1 0 1 0 -1 -1 0 0 1 1 -1
[86] -1 -1 -1 -1 -1 -1 0 1 0 -1 -1 1 0 1 1 0
[87] -1 -1 -1 -1 -1 -1 0 1 0 -1 0 -1 0 0 -1 0
[88] -1 -1 -1 -1 -1 -1 0 1 0 -1 0 -1 0 1 -1 0
[89] -1 -1 -1 -1 -1 -1 0 1 0 -1 0 -1 1 1 -1 0
[90] -1 -1 -1 -1 -1 -1 0 1 0 -1 0 0 0 1 -1 1
[91] -1 -1 -1 -1 -1 -1 0 1 0 -1 1 -1 0 0 -1 -1
[92] -1 -1 -1 -1 -1 -1 0 1 0 -1 1 -1 1 1 -1 0
[93] -1 -1 -1 -1 -1 -1 0 1 0 -1 1 -1 1 1 0 0
[94] -1 -1 -1 -1 -1 -1 0 1 0 -1 1 0 0 1 -1 -1
[95] -1 -1 -1 -1 -1 -1 0 1 0 0 -1 -1 1 -1 1 0
[96] -1 -1 -1 -1 -1 -1 0 1 0 0 -1 0 1 -1 1 0
[97] -1 -1 -1 -1 -1 -1 0 1 0 1 -1 0 1 -1 1 0
[98] -1 -1 -1 -1 -1 -1 0 1 0 1 -1 0 1 0 1 0
[99] -1 -1 -1 -1 -1 -1 0 1 0 1 -1 1 1 -1 1 0
[100] -1 -1 -1 -1 -1 -1 0 1 0 1 1 -1 1 -1 -1 0
[101] -1 -1 -1 -1 -1 -1 0 1 0 1 1 -1 1 0 -1 -1
[102] -1 -1 -1 -1 -1 0 -1 0 -1 0 1 -1 1 -1 0 -1
[103] -1 -1 -1 -1 -1 0 -1 0 0 -1 1 1 0 0 -1 -1
[104] -1 -1 -1 -1 -1 0 -1 0 0 -1 1 1 1 -1 0 -1
[105] -1 -1 -1 -1 -1 0 -1 0 0 1 -1 -1 1 -1 1 0
[106] -1 -1 -1 -1 -1 0 -1 1 -1 0 1 0 0 0 0 -1
[107] -1 -1 -1 -1 -1 0 -1 1 -1 0 1 0 1 0 0 -1
[108] -1 -1 -1 -1 -1 0 -1 1 -1 0 1 0 1 1 0 -1
[109] -1 -1 -1 -1 -1 0 -1 1 -1 1 1 0 0 -1 -1 0
[110] -1 -1 -1 -1 -1 0 -1 1 -1 1 1 0 0 0 0 -1
[111] -1 -1 -1 -1 -1 0 -1 1 -1 1 1 0 0 0 0 0
[112] -1 -1 -1 -1 -1 0 -1 1 -1 1 1 0 1 -1 0 -1
[113] -1 -1 -1 -1 -1 0 -1 1 -1 1 1 0 1 -1 0 0
[114] -1 -1 -1 -1 -1 0 -1 1 -1 1 1 0 1 0 0 0
[115] -1 -1 -1 -1 -1 0 -1 1 -1 1 1 0 1 1 0 0
[116] -1 -1 -1 -1 -1 0 -1 1 0 -1 0 -1 0 1 -1 -1
[117] -1 -1 -1 -1 -1 0 -1 1 0 -1 0 0 0 0 -1 -1
[118] -1 -1 -1 -1 -1 0 -1 1 0 -1 1 0 0 0 -1 -1
[119] -1 -1 -1 -1 -1 0 -1 1 0 -1 1 0 1 0 0 -1
[120] -1 -1 -1 -1 -1 0 -1 1 0 -1 1 1 0 0 0 0
[121] -1 -1 -1 -1 -1 0 -1 1 0 1 -1 -1 1 -1 1 0
[122] -1 -1 -1 -1 -1 0 -1 1 0 1 -1 -1 1 0 1 0
[123] -1 -1 -1 -1 -1 0 0 0 0 -1 -1 0 0 0 1 -1
[124] -1 -1 -1 -1 -1 0 0 0 0 -1 0 0 0 1 -1 0
[125] -1 -1 -1 -1 -1 0 0 0 0 -1 0 1 0 1 1 -1
[126] -1 -1 -1 -1 -1 0 0 0 0 -1 1 1 0 1 -1 0
[127] -1 -1 -1 -1 -1 0 0 0 0 0 1 -1 1 0 -1 0
[128] -1 -1 -1 -1 -1 0 0 0 0 1 -1 1 1 -1 0 1
[129] -1 -1 -1 -1 -1 0 0 1 -1 0 1 0 0 0 -1 0
[130] -1 -1 -1 -1 -1 0 0 1 -1 1 -1 0 0 -1 1 1
[131] -1 -1 -1 -1 -1 0 0 1 -1 1 -1 0 1 -1 0 -1
[132] -1 -1 -1 -1 -1 0 0 1 -1 1 -1 0 1 0 1 0
[133] -1 -1 -1 -1 -1 0 0 1 0 -1 1 1 0 0 -1 -1
[134] -1 -1 -1 -1 -1 0 0 1 0 -1 1 1 0 1 -1 0
[135] -1 -1 -1 -1 -1 0 1 -1 -1 1 0 1 0 -1 -1 -1
[136] -1 -1 -1 -1 -1 0 1 -1 -1 1 0 1 0 -1 0 -1
[137] -1 -1 -1 -1 -1 0 1 -1 -1 1 0 1 1 0 0 0
[138] -1 -1 -1 -1 -1 0 1 -1 0 1 -1 1 1 -1 0 -1
[139] -1 -1 -1 -1 -1 0 1 1 -1 1 -1 0 0 -1 0 -1
[140] -1 -1 -1 -1 -1 0 1 1 -1 1 -1 0 0 -1 0 0
[141] -1 -1 -1 -1 -1 0 1 1 -1 1 -1 0 0 -1 1 -1
[142] -1 -1 -1 -1 -1 0 1 1 -1 1 -1 0 0 -1 1 0
[143] -1 -1 -1 -1 -1 0 1 1 -1 1 -1 0 0 -1 1 1
[144] -1 -1 -1 -1 -1 0 1 1 -1 1 -1 0 0 0 0 1
[145] -1 -1 -1 -1 -1 0 1 1 -1 1 -1 0 0 0 1 0
[146] -1 -1 -1 -1 -1 0 1 1 -1 1 -1 0 1 0 0 -1
[147] -1 -1 -1 -1 -1 0 1 1 -1 1 -1 0 1 0 0 1
[148] -1 -1 -1 -1 -1 0 1 1 -1 1 0 1 0 -1 0 -1
[149] -1 -1 -1 -1 -1 0 1 1 -1 1 0 1 0 -1 0 0
[150] -1 -1 -1 -1 0 -1 -1 1 0 -1 0 -1 1 1 -1 0
[151] -1 -1 -1 -1 0 -1 -1 1 0 0 -1 0 1 -1 1 0
[152] -1 -1 -1 -1 0 -1 -1 1 0 0 0 -1 0 1 -1 0
[153] -1 -1 -1 -1 0 -1 -1 1 1 -1 1 0 1 1 0 0
[154] -1 -1 -1 -1 0 -1 0 -1 0 1 -1 -1 1 0 -1 1
[155] -1 -1 -1 -1 0 -1 1 -1 1 -1 0 1 1 1 -1 0
[156] -1 -1 -1 -1 0 -1 1 -1 1 0 0 1 1 1 0 -1
[157] -1 -1 -1 -1 0 0 0 -1 1 -1 1 0 1 0 -1 1
[158] -1 -1 -1 -1 0 1 -1 -1 1 -1 0 1 1 -1 1 0
[159] -1 -1 -1 0 -1 -1 0 -1 -1 0 -1 -1 0 -1 -1 1
[160] -1 -1 -1 0 -1 -1 0 -1 -1 0 -1 -1 0 -1 0 1
[161] -1 -1 -1 0 -1 -1 0 -1 -1 0 -1 0 0 -1 -1 1
[162] -1 -1 -1 0 -1 -1 0 -1 -1 0 -1 1 0 -1 -1 -1
[163] -1 -1 -1 0 -1 -1 0 -1 -1 0 -1 1 0 -1 -1 0
[164] -1 -1 -1 0 -1 -1 0 -1 -1 0 -1 1 0 -1 -1 1
[165] -1 -1 -1 0 -1 -1 0 -1 -1 0 -1 1 0 -1 0 1
[166] -1 -1 -1 0 -1 -1 0 -1 -1 0 -1 1 0 0 -1 -1
[167] -1 -1 -1 0 -1 -1 0 -1 -1 0 -1 1 1 -1 -1 -1
[168] -1 -1 -1 0 -1 -1 0 -1 -1 0 -1 1 1 -1 -1 1
[169] -1 -1 -1 0 -1 -1 0 -1 -1 0 0 1 0 -1 -1 -1
[170] -1 -1 -1 0 -1 -1 0 -1 -1 0 0 1 0 -1 -1 1
[171] -1 -1 -1 0 -1 -1 0 -1 -1 0 0 1 0 0 -1 -1
[172] -1 -1 -1 0 -1 -1 0 -1 -1 0 0 1 0 0 -1 0
[173] -1 -1 -1 0 -1 -1 0 -1 -1 0 0 1 1 -1 -1 1
[174] -1 -1 -1 0 -1 -1 0 -1 -1 0 0 1 1 0 -1 -1
[175] -1 -1 -1 0 -1 -1 0 -1 -1 1 -1 -1 0 -1 -1 1
[176] -1 -1 -1 0 -1 -1 0 -1 -1 1 -1 -1 0 -1 0 1
[177] -1 -1 -1 0 -1 -1 0 -1 -1 1 -1 -1 0 0 -1 0
[178] -1 -1 -1 0 -1 -1 0 -1 -1 1 -1 -1 1 0 -1 1
[179] -1 -1 -1 0 -1 -1 0 -1 -1 1 -1 -1 1 0 0 1
[180] -1 -1 -1 0 -1 -1 0 -1 -1 1 -1 -1 1 0 1 1
[181] -1 -1 -1 0 -1 -1 0 -1 -1 1 -1 1 0 -1 0 1
[182] -1 -1 -1 0 -1 -1 0 -1 -1 1 -1 1 0 0 -1 1
[183] -1 -1 -1 0 -1 -1 0 -1 -1 1 -1 1 1 0 -1 -1
[184] -1 -1 -1 0 -1 -1 0 -1 -1 1 -1 1 1 0 -1 1
[185] -1 -1 -1 0 -1 -1 0 -1 -1 1 -1 1 1 0 0 1
[186] -1 -1 -1 0 -1 -1 0 -1 -1 1 1 1 0 -1 -1 -1
[187] -1 -1 -1 0 -1 -1 0 -1 -1 1 1 1 0 0 -1 -1
[188] -1 -1 -1 0 -1 -1 0 -1 -1 1 1 1 0 0 -1 1
[189] -1 -1 -1 0 -1 -1 0 -1 -1 1 1 1 1 0 -1 0
[190] -1 -1 -1 0 -1 -1 0 -1 -1 1 1 1 1 0 -1 1
[191] -1 -1 -1 0 -1 -1 0 -1 0 -1 -1 1 0 0 -1 -1
[192] -1 -1 -1 0 -1 -1 0 -1 0 -1 0 1 0 0 -1 0
[193] -1 -1 -1 0 -1 -1 0 -1 0 -1 0 1 0 1 -1 -1
[194] -1 -1 -1 0 -1 -1 0 -1 0 1 -1 -1 1 -1 -1 1
[195] -1 -1 -1 0 -1 -1 0 -1 0 1 -1 -1 1 0 0 1
[196] -1 -1 -1 0 -1 -1 0 -1 0 1 -1 0 1 -1 1 1
[197] -1 -1 -1 0 -1 -1 0 -1 0 1 -1 0 1 0 -1 1
[198] -1 -1 -1 0 -1 -1 0 -1 0 1 -1 0 1 0 0 1
[199] -1 -1 -1 0 -1 -1 0 -1 0 1 -1 1 1 -1 -1 -1
[200] -1 -1 -1 0 -1 -1 0 -1 0 1 -1 1 1 -1 -1 1
[201] -1 -1 -1 0 -1 -1 0 -1 0 1 -1 1 1 -1 1 1
[202] -1 -1 -1 0 -1 -1 0 -1 0 1 -1 1 1 0 -1 0
[203] -1 -1 -1 0 -1 -1 0 -1 0 1 -1 1 1 0 -1 1
[204] -1 -1 -1 0 -1 -1 0 -1 0 1 -1 1 1 0 1 1
[205] -1 -1 -1 0 -1 -1 0 -1 0 1 0 1 1 -1 -1 -1
[206] -1 -1 -1 0 -1 -1 0 -1 0 1 0 1 1 -1 -1 1
[207] -1 -1 -1 0 -1 -1 0 -1 0 1 0 1 1 0 -1 0
[208] -1 -1 -1 0 -1 -1 0 -1 0 1 0 1 1 0 0 1
[209] -1 -1 -1 0 -1 -1 0 -1 0 1 0 1 1 0 1 1
[210] -1 -1 -1 0 -1 -1 0 -1 0 1 1 1 1 -1 -1 -1
[211] -1 -1 -1 0 -1 -1 0 -1 0 1 1 1 1 -1 -1 1
[212] -1 -1 -1 0 -1 -1 0 -1 0 1 1 1 1 0 -1 1
[213] -1 -1 -1 0 -1 -1 0 -1 0 1 1 1 1 0 0 1
[214] -1 -1 -1 0 -1 -1 0 0 -1 0 -1 -1 0 -1 -1 1
[215] -1 -1 -1 0 -1 -1 1 -1 -1 0 -1 -1 0 -1 -1 1
[216] -1 -1 -1 0 -1 -1 1 -1 -1 0 -1 -1 0 -1 0 0
[217] -1 -1 -1 0 -1 -1 1 -1 -1 0 -1 -1 0 -1 0 1
[218] -1 -1 -1 0 -1 -1 1 -1 -1 0 -1 -1 0 -1 1 1
[219] -1 -1 -1 0 -1 -1 1 -1 -1 0 -1 -1 1 -1 0 1
[220] -1 -1 -1 0 -1 -1 1 -1 -1 0 -1 -1 1 0 0 1
[221] -1 -1 -1 0 -1 -1 1 -1 -1 0 -1 -1 1 1 0 1
[222] -1 -1 -1 0 -1 -1 1 -1 -1 0 -1 0 0 -1 -1 0
[223] -1 -1 -1 0 -1 -1 1 -1 -1 0 -1 1 0 -1 -1 -1
[224] -1 -1 -1 0 -1 -1 1 -1 -1 0 -1 1 1 -1 0 -1
[225] -1 -1 -1 0 -1 -1 1 -1 -1 0 -1 1 1 0 0 -1
[226] -1 -1 -1 0 -1 -1 1 -1 -1 0 -1 1 1 1 0 -1
[227] -1 -1 -1 0 -1 -1 1 -1 -1 0 0 -1 0 -1 -1 1
[228] -1 -1 -1 0 -1 -1 1 -1 -1 0 0 -1 0 -1 0 0
[229] -1 -1 -1 0 -1 -1 1 -1 -1 0 0 -1 1 -1 0 0
[230] -1 -1 -1 0 -1 -1 1 -1 -1 0 0 -1 1 -1 0 1
[231] -1 -1 -1 0 -1 -1 1 -1 -1 0 0 0 0 -1 -1 -1
[232] -1 -1 -1 0 -1 -1 1 -1 -1 0 0 0 0 -1 -1 1
[233] -1 -1 -1 0 -1 -1 1 -1 -1 0 0 0 1 -1 0 -1
[234] -1 -1 -1 0 -1 -1 1 -1 -1 0 0 0 1 -1 0 0
[235] -1 -1 -1 0 -1 -1 1 -1 -1 0 0 0 1 -1 0 1
[236] -1 -1 -1 0 -1 -1 1 -1 -1 0 0 0 1 0 -1 -1
[237] -1 -1 -1 0 -1 -1 1 -1 -1 0 0 1 0 -1 -1 -1
[238] -1 -1 -1 0 -1 -1 1 -1 -1 0 0 1 0 -1 0 -1
[239] -1 -1 -1 0 -1 -1 1 -1 -1 0 0 1 0 0 -1 -1
[240] -1 -1 -1 0 -1 -1 1 -1 -1 0 0 1 0 0 -1 0
[241] -1 -1 -1 0 -1 -1 1 -1 -1 0 0 1 1 0 -1 -1
[242] -1 -1 -1 0 -1 -1 1 -1 -1 0 0 1 1 0 -1 0
[243] -1 -1 -1 0 -1 -1 1 -1 -1 0 0 1 1 1 0 -1
[244] -1 -1 -1 0 -1 -1 1 -1 -1 1 0 -1 0 -1 -1 1
[245] -1 -1 -1 0 -1 -1 1 -1 -1 1 0 -1 0 -1 0 0
[246] -1 -1 -1 0 -1 -1 1 -1 -1 1 0 -1 0 0 -1 0
[247] -1 -1 -1 0 -1 -1 1 -1 -1 1 0 -1 0 0 0 0
[248] -1 -1 -1 0 -1 -1 1 -1 -1 1 0 -1 1 0 -1 1
[249] -1 -1 -1 0 -1 -1 1 -1 -1 1 0 -1 1 0 0 1
[250] -1 -1 -1 0 -1 -1 1 -1 -1 1 0 -1 1 0 1 1
[251] -1 -1 -1 0 -1 -1 1 -1 -1 1 0 0 0 -1 0 -1
[252] -1 -1 -1 0 -1 -1 1 -1 -1 1 0 0 0 0 -1 1
[253] -1 -1 -1 0 -1 -1 1 -1 -1 1 0 0 1 0 -1 -1
[254] -1 -1 -1 0 -1 -1 1 -1 -1 1 0 0 1 0 -1 1
[255] -1 -1 -1 0 -1 -1 1 -1 -1 1 0 0 1 0 1 1
[256] -1 -1 -1 0 -1 -1 1 -1 -1 1 0 1 0 -1 -1 -1
[257] -1 -1 -1 0 -1 -1 1 -1 -1 1 0 1 0 -1 -1 1
[258] -1 -1 -1 0 -1 -1 1 -1 -1 1 0 1 0 -1 0 -1
[259] -1 -1 -1 0 -1 -1 1 -1 -1 1 0 1 0 -1 0 0
[260] -1 -1 -1 0 -1 -1 1 -1 -1 1 0 1 0 0 -1 -1
[261] -1 -1 -1 0 -1 -1 1 -1 -1 1 0 1 0 0 -1 0
[262] -1 -1 -1 0 -1 -1 1 -1 -1 1 0 1 0 0 0 0
[263] -1 -1 -1 0 -1 -1 1 -1 -1 1 0 1 0 0 0 1
[264] -1 -1 -1 0 -1 -1 1 -1 -1 1 0 1 1 0 -1 0
[265] -1 -1 -1 0 -1 -1 1 -1 -1 1 0 1 1 0 0 -1
[266] -1 -1 -1 0 -1 -1 1 -1 -1 1 0 1 1 0 0 0
[267] -1 -1 -1 0 -1 -1 1 -1 -1 1 0 1 1 0 0 1
[268] -1 -1 -1 0 -1 -1 1 -1 0 -1 -1 -1 0 1 0 1
[269] -1 -1 -1 0 -1 -1 1 -1 0 -1 -1 1 0 0 -1 -1
[270] -1 -1 -1 0 -1 -1 1 -1 0 -1 -1 1 0 1 0 -1
[271] -1 -1 -1 0 -1 -1 1 -1 0 -1 -1 1 1 1 0 -1
[272] -1 -1 -1 0 -1 -1 1 -1 0 -1 0 -1 0 1 1 1
[273] -1 -1 -1 0 -1 -1 1 -1 0 -1 0 0 0 1 -1 -1
[274] -1 -1 -1 0 -1 -1 1 -1 0 -1 0 1 0 0 -1 0
[275] -1 -1 -1 0 -1 -1 1 -1 0 -1 0 1 0 1 -1 0
[276] -1 -1 -1 0 -1 -1 1 -1 0 -1 0 1 1 1 0 -1
[277] -1 -1 -1 0 -1 -1 1 -1 0 -1 1 1 0 1 0 0
[278] -1 -1 -1 0 -1 -1 1 -1 0 -1 1 1 1 1 0 0
[279] -1 -1 -1 0 -1 -1 1 -1 0 0 -1 0 1 -1 0 1
[280] -1 -1 -1 0 -1 -1 1 -1 0 1 -1 -1 1 -1 0 1
[281] -1 -1 -1 0 -1 -1 1 -1 0 1 0 -1 1 -1 0 1
[282] -1 -1 -1 0 -1 -1 1 -1 0 1 0 -1 1 0 0 1
[283] -1 -1 -1 0 -1 -1 1 -1 0 1 1 1 1 -1 0 -1
[284] -1 -1 -1 0 -1 -1 1 -1 0 1 1 1 1 0 -1 0
[285] -1 -1 -1 0 -1 0 -1 -1 -1 0 0 1 0 -1 -1 -1
[286] -1 -1 -1 0 -1 0 -1 -1 -1 0 0 1 0 -1 -1 1
[287] -1 -1 -1 0 -1 0 -1 -1 -1 0 0 1 0 -1 0 -1
[288] -1 -1 -1 0 -1 0 -1 -1 -1 0 0 1 0 -1 0 0
[289] -1 -1 -1 0 -1 0 -1 -1 -1 0 0 1 0 0 -1 1
[290] -1 -1 -1 0 -1 0 -1 -1 -1 0 0 1 1 -1 -1 -1
[291] -1 -1 -1 0 -1 0 -1 -1 -1 0 0 1 1 -1 -1 1
[292] -1 -1 -1 0 -1 0 -1 -1 -1 0 0 1 1 -1 0 -1
[293] -1 -1 -1 0 -1 0 -1 -1 -1 1 1 1 0 -1 -1 -1
[294] -1 -1 -1 0 -1 0 -1 -1 -1 1 1 1 0 -1 0 -1
[295] -1 -1 -1 0 -1 0 -1 -1 -1 1 1 1 0 -1 0 1
[296] -1 -1 -1 0 -1 0 -1 -1 -1 1 1 1 1 -1 0 0
[297] -1 -1 -1 0 -1 0 -1 -1 -1 1 1 1 1 -1 0 1
[298] -1 -1 -1 0 -1 0 -1 -1 0 -1 -1 1 0 -1 0 -1
[299] -1 -1 -1 0 -1 0 -1 -1 0 -1 0 -1 1 1 -1 1
[300] -1 -1 -1 0 -1 0 -1 -1 0 -1 0 0 0 0 -1 1
[301] -1 -1 -1 0 -1 0 -1 -1 0 -1 0 0 0 1 -1 1
[302] -1 -1 -1 0 -1 0 -1 -1 0 -1 0 0 1 1 -1 1
[303] -1 -1 -1 0 -1 0 -1 -1 0 -1 0 1 0 -1 1 -1
[304] -1 -1 -1 0 -1 0 -1 -1 0 -1 1 -1 0 0 -1 1
[305] -1 -1 -1 0 -1 0 -1 -1 0 -1 1 -1 1 -1 -1 1
[306] -1 -1 -1 0 -1 0 -1 -1 0 -1 1 0 1 -1 0 1
[307] -1 -1 -1 0 -1 0 -1 -1 0 -1 1 0 1 0 0 1
[308] -1 -1 -1 0 -1 0 -1 -1 0 -1 1 0 1 1 -1 1
[309] -1 -1 -1 0 -1 0 -1 -1 0 -1 1 1 1 -1 -1 -1
[310] -1 -1 -1 0 -1 0 -1 -1 0 -1 1 1 1 -1 -1 1
[311] -1 -1 -1 0 -1 0 -1 -1 0 -1 1 1 1 -1 0 0
[312] -1 -1 -1 0 -1 0 -1 -1 0 -1 1 1 1 -1 0 1
[313] -1 -1 -1 0 -1 0 -1 -1 0 -1 1 1 1 1 -1 1
[314] -1 -1 -1 0 -1 0 -1 -1 0 -1 1 1 1 1 0 1
[315] -1 -1 -1 0 -1 0 -1 -1 0 0 1 1 1 -1 -1 -1
[316] -1 -1 -1 0 -1 0 -1 -1 0 0 1 1 1 -1 -1 1
[317] -1 -1 -1 0 -1 0 -1 -1 0 0 1 1 1 -1 0 0
[318] -1 -1 -1 0 -1 0 -1 -1 0 0 1 1 1 0 0 1
[319] -1 -1 -1 0 -1 0 -1 -1 0 0 1 1 1 1 0 1
[320] -1 -1 -1 0 -1 0 -1 -1 0 1 1 1 1 -1 -1 -1
[321] -1 -1 -1 0 -1 0 -1 -1 0 1 1 1 1 -1 -1 1
[322] -1 -1 -1 0 -1 0 -1 -1 0 1 1 1 1 -1 0 1
[323] -1 -1 -1 0 -1 0 -1 -1 0 1 1 1 1 0 0 1
[324] -1 -1 -1 0 -1 0 -1 -1 0 1 1 1 1 1 -1 1
[325] -1 -1 -1 0 -1 0 0 -1 -1 0 1 1 0 -1 -1 -1
[326] -1 -1 -1 0 -1 0 0 -1 -1 0 1 1 0 0 -1 -1
[327] -1 -1 -1 0 -1 0 0 -1 -1 0 1 1 0 0 -1 0
[328] -1 -1 -1 0 -1 0 0 -1 -1 0 1 1 1 -1 -1 -1
[329] -1 -1 -1 0 -1 0 0 -1 -1 0 1 1 1 0 -1 0
[330] -1 -1 -1 0 -1 0 0 -1 -1 0 1 1 1 1 -1 -1
[331] -1 -1 -1 0 -1 0 0 -1 -1 1 -1 1 0 -1 -1 1
[332] -1 -1 -1 0 -1 0 0 -1 -1 1 -1 1 0 -1 0 0
[333] -1 -1 -1 0 -1 0 0 -1 -1 1 -1 1 0 -1 0 1
[334] -1 -1 -1 0 -1 0 0 -1 -1 1 -1 1 1 -1 0 0
[335] -1 -1 -1 0 -1 0 0 -1 -1 1 -1 1 1 -1 0 1
[336] -1 -1 -1 0 -1 0 0 -1 -1 1 -1 1 1 0 1 1
[337] -1 -1 -1 0 -1 0 0 -1 -1 1 0 1 0 -1 -1 -1
[338] -1 -1 -1 0 -1 0 0 -1 -1 1 0 1 0 -1 0 -1
[339] -1 -1 -1 0 -1 0 0 -1 -1 1 0 1 0 -1 0 0
[340] -1 -1 -1 0 -1 0 0 -1 -1 1 0 1 1 -1 0 0
[341] -1 -1 -1 0 -1 0 0 -1 -1 1 0 1 1 -1 1 -1
[342] -1 -1 -1 0 -1 0 0 -1 -1 1 0 1 1 0 -1 -1
[343] -1 -1 -1 0 -1 0 0 -1 0 -1 0 0 0 1 -1 -1
[344] -1 -1 -1 0 -1 0 0 -1 0 -1 0 0 0 1 -1 0
[345] -1 -1 -1 0 -1 0 0 -1 0 -1 0 0 1 1 -1 1
[346] -1 -1 -1 0 -1 0 0 -1 0 -1 0 1 0 1 -1 0
[347] -1 -1 -1 0 -1 0 0 -1 0 -1 0 1 1 0 -1 0
[348] -1 -1 -1 0 -1 0 0 -1 0 -1 0 1 1 1 -1 1
[349] -1 -1 -1 0 -1 0 0 -1 0 -1 1 -1 1 1 1 1
[350] -1 -1 -1 0 -1 0 0 -1 0 -1 1 0 0 0 -1 0
[351] -1 -1 -1 0 -1 0 0 -1 0 -1 1 0 0 0 -1 1
[352] -1 -1 -1 0 -1 0 0 -1 0 -1 1 0 0 1 -1 -1
[353] -1 -1 -1 0 -1 0 0 -1 0 -1 1 1 1 -1 -1 1
[354] -1 -1 -1 0 -1 0 0 -1 0 0 -1 -1 1 0 1 1
[355] -1 -1 -1 0 -1 0 0 -1 0 0 -1 0 1 -1 1 1
[356] -1 -1 -1 0 -1 0 0 -1 0 0 -1 1 1 -1 0 0
[357] -1 -1 -1 0 -1 0 0 -1 0 0 -1 1 1 -1 1 -1
[358] -1 -1 -1 0 -1 0 0 -1 0 0 -1 1 1 -1 1 1
[359] -1 -1 -1 0 -1 0 0 -1 0 0 1 1 1 0 -1 1
[360] -1 -1 -1 0 -1 0 0 -1 0 0 1 1 1 1 -1 -1
[361] -1 -1 -1 0 -1 0 0 -1 0 1 -1 -1 1 1 1 1
[362] -1 -1 -1 0 -1 0 0 -1 0 1 -1 1 1 -1 -1 -1
[363] -1 -1 -1 0 -1 0 0 -1 0 1 0 1 1 -1 0 1
[364] -1 -1 -1 0 -1 0 0 -1 0 1 0 1 1 -1 1 -1
[365] -1 -1 -1 0 -1 0 0 0 0 -1 -1 -1 0 -1 0 1
[366] -1 -1 -1 0 -1 0 0 0 0 -1 -1 -1 0 0 -1 1
[367] -1 -1 -1 0 -1 0 0 0 0 -1 -1 -1 1 -1 1 1
[368] -1 -1 -1 0 -1 0 0 0 0 -1 -1 -1 1 1 -1 1
[369] -1 -1 -1 0 -1 0 0 0 0 -1 0 -1 0 1 -1 1
[370] -1 -1 -1 0 -1 0 0 0 0 -1 0 -1 1 -1 -1 1
[371] -1 -1 -1 0 -1 0 0 0 0 -1 0 -1 1 1 -1 1
[372] -1 -1 -1 0 -1 0 0 0 0 -1 1 -1 0 0 -1 1
[373] -1 -1 -1 0 -1 0 0 0 0 -1 1 -1 1 -1 -1 1
[374] -1 -1 -1 0 -1 0 0 0 0 0 -1 -1 1 -1 1 1
[375] -1 -1 -1 0 -1 0 0 0 0 1 -1 -1 1 -1 -1 1
